0,0.0
15,0.07
25,0.08
27,0.08
35,0.08
42,0.09
50,0.11
56,0.13
60,0.15
65,0.14
70,0.16
76,0.18
80,0.18
84,0.2
90,0.21
95,0.2
100,0.17
104,0.22
112,0.18
118,0.21
123,0.22
127,0.22
130,0.22
132,0.22
135,0.23
137,0.23
141,0.23
144,0.25
149,0.25
152,0.28
155,0.29
157,0.29
159,0.29
161,0.29
165,0.34
171,0.34
176,0.38
180,0.38
182,0.39
184,0.45
185,0.48
187,0.5
189,0.5
191,0.46
193,0.43
195,0.43
196,0.43
202,0.49
205,0.49
207,0.52
209,0.52
218,0.64
220,0.58
221,0.62
223,0.62
225,0.62
226,0.62
230,0.62
232,0.62
233,0.68
240,0.74
244,0.84
245,0.95
247,0.95
248,1.01
249,1.03
251,1.03
255,1.03
256,1.07
258,1.12
270,1.13
273,1.13
276,1.17
279,1.28
280,1.31
281,1.31
283,1.31
285,1.38
287,1.38
288,1.44
290,1.47
291,1.47
293,1.47
295,1.52
296,1.52
297,1.58
299,1.66
308,1.66
309,1.66
311,1.67
312,1.67
313,1.67
315,1.79
318,1.79
319,1.87
322,1.87
324,1.93
325,1.93
327,1.93
328,2.0
331,1.92
333,1.92
335,2.07
336,1.98
338,1.98
340,2.02
341,2.11
343,2.18
344,2.18
346,2.18
348,2.23
349,2.23
351,2.23
353,2.36
354,2.36
356,2.36
358,2.41
359,2.46
360,2.56
362,2.59
364,2.59
366,2.65
369,2.65
371,2.65
372,2.72
374,2.72
375,2.77
377,2.77
378,2.77
380,3.02
382,2.86
385,3.01
387,3.02
389,3.15
390,3.15
392,3.05
394,3.29
397,3.29
398,3.39
400,3.45
403,3.46
405,3.51
406,3.51
408,3.51
409,3.56
411,3.61
412,3.61
414,3.61
415,3.61
417,3.65
418,3.74
420,3.74
422,3.74
423,3.89
424,3.96
425,3.96
427,3.96
429,3.96
430,4.03
431,4.1
432,4.09
434,4.11
435,4.11
437,4.17
438,4.17
439,4.18
442,4.18
443,4.22
445,4.25
446,4.25
447,4.25
449,4.36
450,4.36
452,4.36
454,4.36
456,4.36
458,4.39
459,4.45
460,4.49
462,4.51
463,4.56
465,4.51
466,4.51
468,4.53
469,4.63
470,4.63
472,4.78
473,4.78
475,4.78
476,4.78
477,4.87
479,4.87
480,4.69
482,4.91
483,4.98
485,5.22
486,5.22
487,5.3
489,5.39
490,5.39
492,5.39
493,5.31
495,5.31
496,5.31
497,5.31
499,5.38
500,5.43
502,5.59
503,5.59
505,5.66
506,5.66
508,5.66
509,5.8
510,5.86
512,5.94
513,5.94
515,5.94
516,5.94
518,5.95
519,5.95
521,5.9
522,5.9
524,6.06
525,6.42
527,6.42
528,6.42
530,6.55
531,6.63
533,6.77
534,6.77
535,6.77
537,6.81
538,6.81
540,6.81
541,6.81
542,6.81
544,6.91
545,6.91
546,6.92
548,6.99
549,7.09
550,7.17
552,7.18
553,7.3
555,7.31
556,7.46
558,7.53
559,7.53
560,7.48
562,7.55
563,7.55
565,7.66
566,7.66
567,7.66
569,7.86
570,7.86
572,7.97
573,7.97
575,7.97
576,7.97
577,8.06
579,8.12
580,8.12
581,8.12
583,8.28
584,8.28
585,8.28
587,8.28
588,8.29
589,8.38
591,8.55
592,8.55
594,8.65
595,8.65
596,8.71
598,8.72
599,8.77
600,8.78
602,8.78
603,8.87
605,8.87
606,8.83
607,8.64
609,8.64
610,8.72
612,8.72
613,8.72
614,8.89
616,8.89
617,8.89
619,9.36
620,9.75
621,9.91
623,9.91
624,9.91
626,9.91
627,10.0
629,10.0
631,10.0
632,10.04
633,10.04
635,10.04
636,10.12
638,10.29
639,10.29
641,10.39
642,10.39
643,10.39
645,10.39
646,10.65
648,10.39
649,10.39
651,10.49
652,10.91
653,10.91
655,10.91
656,11.16
658,11.16
659,11.16
661,11.37
662,11.39
664,11.39
665,11.6
666,11.96
668,11.96
669,12.13
671,12.22
672,12.22
674,12.34
676,12.5
677,12.49
679,12.49
680,12.57
682,12.57
683,12.57
684,12.58
686,12.58
687,12.69
689,12.99
690,12.99
691,12.99
693,12.99
694,13.0
696,13.0
697,13.01
699,13.03
701,13.09
702,13.11
703,13.3
705,13.3
706,13.51
707,13.51
709,13.51
710,13.77
711,13.77
713,14.12
714,14.18
716,14.26
717,14.54
718,14.84
720,14.93
721,14.93
722,15.05
724,15.14
725,15.35
726,15.35
728,15.72
729,15.5
731,15.5
732,15.5
733,15.7
735,15.77
736,15.77
737,15.91
739,15.92
740,15.99
742,15.99
743,15.99
744,15.99
746,16.37
747,16.37
749,16.37
750,16.37
751,16.37
753,16.37
754,16.37
756,16.37
757,16.37
758,16.37
760,16.38
761,16.38
763,16.58
764,16.58
765,16.59
767,16.7
768,16.78
769,17.08
771,17.31
772,17.31
773,17.31
775,17.31
776,17.31
778,17.31
779,17.31
780,17.31
782,17.31
783,17.33
785,17.34
786,17.43
787,17.43
789,17.56
790,17.56
792,17.58
793,17.58
794,17.65
796,17.65
797,17.97
798,17.97
800,17.97
801,18.18
803,18.18
804,18.18
805,18.33
807,18.33
808,18.69
810,18.69
811,18.69
812,18.79
814,18.79
815,18.79
817,19.03
818,19.3
820,19.3
821,19.3
822,19.4
824,19.43
825,19.56
827,19.56
828,19.56
829,19.6
831,19.96
832,19.96
834,19.96
835,19.96
836,19.96
838,20.08
839,20.08
840,20.11
842,20.47
843,20.47
845,20.47
846,20.59
847,20.59
849,20.59
850,20.59
852,20.59
853,20.59
854,20.66
856,20.66
857,20.98
859,20.98
860,20.98
861,21.22
863,21.22
864,21.22
865,21.5
867,21.69
868,21.71
869,21.71
871,21.71
872,21.87
873,21.87
875,21.87
876,21.96
878,21.96
879,21.96
881,22.1
882,22.1
883,22.1
885,22.17
886,22.17
887,22.17
889,22.17
890,22.26
892,22.26
893,22.26
895,22.26
896,22.26
897,22.37
899,22.33
900,22.33
901,22.33
903,22.36
904,22.58
905,22.58
907,22.58
908,22.58
910,22.81
911,22.81
912,22.81
914,23.02
915,23.02
917,23.17
918,23.26
920,23.26
921,23.26
922,23.42
924,23.42
925,23.42
927,23.7
928,23.7
930,23.73
931,23.94
933,24.01
934,24.01
935,24.27
937,24.57
938,24.57
940,24.61
941,24.62
942,24.62
944,24.62
945,24.69
947,24.69
948,24.83
950,24.83
951,25.08
953,25.08
954,25.08
955,25.0
957,25.0
958,25.02
959,25.02
961,25.02
962,25.02
964,25.02
965,25.02
967,25.04
968,25.04
969,25.04
971,25.04
972,25.06
974,25.06
975,25.06
976,25.06
978,25.06
979,25.3
981,25.3
982,25.3
983,25.3
985,25.46
986,25.62
988,25.74
989,25.74
991,25.74
992,25.81
993,25.81
995,25.81
996,25.81
998,25.89
999,25.89
1000,25.89
1002,26.3
1003,26.55
1004,26.55
1006,26.81
1007,26.98
1009,27.09
1010,27.09
1011,27.3
1013,27.75
1014,27.75
1016,27.75
1017,27.75
1018,27.91
1020,27.91
1021,27.91
1023,27.91
1024,27.91
1026,27.91
1027,28.01
1029,28.01
1030,28.22
1031,28.22
1033,28.22
1035,28.53
1036,28.53
1038,28.53
1039,28.61
1041,28.64
1042,28.64
1043,28.64
1045,28.64
1046,28.64
1048,28.64
1049,28.64
1051,28.64
1052,29.01
1053,29.01
1055,29.01
1056,29.19
1058,29.19
1059,29.19
1061,29.45
1062,29.45
1063,29.45
1065,29.45
1066,29.81
1068,29.81
1069,29.84
1071,30.03
1072,30.11
1074,30.11
1075,30.41
1076,30.45
1078,30.69
1079,31.0
1081,31.04
1082,31.04
1084,31.04
1085,31.05
1086,31.05
1088,31.05
1089,31.34
1091,31.34
1092,31.34
1094,31.34
1095,31.34
1096,31.34
1098,31.34
1099,31.35
1101,31.35
1102,31.35
1104,31.35
1105,31.35
1107,31.35
1108,31.6
1110,31.94
1111,31.94
1113,32.0
1114,32.0
1115,32.0
1117,32.0
1118,32.21
1120,32.21
1121,32.22
1123,32.29
1124,32.29
1126,32.6
1127,32.6
1128,32.6
1130,32.76
1131,32.76
1133,32.76
1134,32.94
1136,32.92
1137,33.02
1139,33.52
1140,33.52
1142,33.52
1143,33.52
1145,33.49
1146,33.89
1148,34.01
1149,34.01
1150,34.01
1152,34.01
1153,34.01
1155,34.01
1156,34.01
1158,34.11
1159,34.14
1161,34.14
1162,34.14
1164,34.14
1165,34.22
1167,34.22
1168,34.22
1170,34.68
1171,34.68
1173,34.74
1174,34.74
1175,34.74
1177,34.74
1179,34.9
1180,34.9
1181,34.9
1183,34.9
1185,35.0
1186,35.0
1187,35.43
1189,35.43
1190,35.43
1192,36.0
1193,36.0
1195,36.28
1196,36.28
1198,36.28
1199,36.28
1201,36.39
1202,36.39
1204,36.39
1205,36.39
1207,36.39
1208,36.71
1210,36.71
1212,36.71
1213,36.71
1214,36.71
1216,36.71
1217,36.71
1219,36.71
1220,36.72
1222,36.72
1223,36.88
1225,36.88
1226,36.88
1228,36.88
1229,36.88
1231,36.88
1232,36.88
1234,36.88
1235,37.13
1237,37.13
1238,37.13
1240,37.13
1241,37.16
1243,37.53
1245,38.04
1246,38.04
1247,38.13
1249,38.13
1251,38.29
1252,38.29
1254,38.29
1255,38.29
1257,38.5
1258,38.58
1260,39.02
1261,39.29
1263,39.29
1264,39.29
1266,39.29
1267,39.74
1269,40.27
1270,40.31
1272,40.31
1273,40.31
1275,40.31
1276,40.55
1278,40.55
1279,40.55
1281,40.55
1282,40.55
1284,40.55
1285,40.55
1286,40.55
1288,40.55
1290,40.55
1291,40.55
1293,40.55
1294,40.55
1296,40.55
1297,40.65
1299,40.65
1300,40.65
1302,40.65
1303,40.65
1305,40.65
1306,40.65
1308,40.98
1309,40.98
1311,40.98
1312,40.98
1314,41.15
1316,41.15
1317,41.15
1319,41.15
1320,41.45
1322,41.45
1323,41.61
1325,41.61
1326,41.96
1328,41.96
1329,42.18
1331,42.18
1332,42.18
1334,42.26
1335,42.26
1337,42.43
1338,42.66
1340,42.66
1341,42.66
1343,42.71
1344,43.03
1346,43.03
1347,43.03
1349,43.03
1350,43.47
1352,43.48
1353,44.16
1355,44.16
1356,44.35
1358,44.7
1359,45.21
1361,45.21
1362,45.21
1364,45.64
1366,45.77
1367,45.95
1369,45.95
1371,46.01
1372,46.25
1374,46.28
1376,46.48
1377,46.89
1379,46.92
1380,46.92
1382,47.16
1383,47.16
1385,47.16
1386,47.16
1388,47.16
1390,47.16
1391,47.16
1393,47.16
1395,47.16
1396,47.16
1398,47.16
1400,47.16
1401,47.16
1403,47.16
1404,47.16
1406,47.16
1408,47.74
1409,47.74
1411,47.75
1412,47.75
1414,47.75
1416,47.75
1417,47.94
1419,47.94
1420,47.94
1422,48.4
1424,48.4
1425,48.66
1427,48.66
1428,49.01
1430,49.01
1432,49.09
1433,49.53
1435,49.54
1436,49.54
1438,49.54
1439,49.54
1441,49.54
1443,49.54
1444,49.56
1446,49.79
1447,49.79
1449,49.79
1451,49.79
1452,49.79
1454,49.79
1455,49.79
1457,49.79
1459,49.79
1460,49.9
1462,49.9
1464,50.18
1465,50.18
1467,50.38
1468,50.38
1470,50.38
1472,50.52
1473,50.52
1475,50.52
1477,50.52
1478,50.81
1480,50.81
1481,50.97
1483,51.26
1485,51.26
1486,51.26
1488,51.26
1490,51.55
1491,51.55
1493,51.55
1495,51.55
1496,51.73
1498,51.73
1500,51.83
1501,51.83
1503,51.83
1505,51.83
1506,51.83
1508,52.04
1510,52.04
1511,52.04
1513,52.16
1515,52.16
1517,52.32
1518,52.32
1520,52.6
1522,52.71
1523,52.92
1525,53.39
1526,53.44
1528,53.44
1530,53.54
1531,53.56
1533,53.56
1534,53.56
1536,53.65
1538,53.65
1540,53.65
1541,53.65
1543,53.65
1544,53.95
1546,53.96
1548,54.43
1550,54.43
1551,54.48
1553,54.48
1554,55.0
1556,55.0
1558,55.0
1560,55.0
1562,55.0
1563,55.0
1565,55.0
1566,55.0
1568,55.0
1570,55.0
1571,55.14
1573,55.14
1575,55.14
1576,55.14
1578,55.34
1580,55.34
1581,55.34
1583,55.73
1585,55.79
1586,55.82
1588,55.82
1590,56.14
1591,56.31
1593,56.31
1595,56.31
1596,56.31
1598,56.36
1600,56.39
1601,56.39
1603,56.39
1605,56.45
1606,56.45
1608,56.45
1610,56.45
1611,56.5
1613,56.7
1615,56.7
1617,56.7
1619,56.7
1620,57.26
1622,57.26
1624,57.27
1626,57.27
1627,57.27
1629,57.27
1631,57.27
1633,57.38
1634,57.38
1636,57.67
1638,57.67
1640,57.67
1641,58.16
1643,58.16
1645,58.16
1647,58.35
1648,58.48
1650,58.48
1652,58.96
1653,59.05
1655,59.2
1657,59.2
1659,59.2
1660,59.2
1662,59.2
1664,59.2
1665,59.21
1667,59.43
1669,59.43
1670,59.64
1672,59.64
1674,59.93
1676,59.93
1677,60.04
1679,60.04
1681,60.04
1683,60.15
1684,60.15
1686,60.15
1688,60.15
1690,60.38
1692,60.38
1693,60.73
1695,60.73
1697,60.73
1699,60.73
1701,60.73
1703,60.73
1704,60.73
1706,61.11
1708,61.11
1710,61.11
1712,61.11
1713,61.11
1715,61.66
1717,61.66
1719,61.66
1721,61.84
1723,61.84
1724,61.84
1726,61.84
1728,61.84
1730,62.0
1732,62.0
1733,62.0
1735,62.0
1737,62.05
1739,62.05
1741,62.05
1742,62.05
1744,62.22
1746,62.22
1748,62.24
1750,62.24
1751,62.24
1753,62.32
1755,62.32
1757,62.32
1759,62.43
1760,62.43
1762,62.43
1764,62.43
1766,62.43
1768,62.43
1770,62.43
1771,62.43
1773,62.7
1775,62.71
1777,63.16
1779,63.16
1781,63.16
1782,63.16
1784,63.16
1786,63.44
1788,64.12
1790,64.12
1791,64.28
1793,64.28
1795,64.28
1797,64.39
1798,64.45
1800,64.8
1802,64.8
1804,64.8
1806,64.8
1808,64.8
1809,64.8
1811,65.03
1813,65.03
1815,65.03
1817,65.03
1819,65.14
1821,65.14
1823,65.22
1824,65.27
1826,65.27
1828,65.27
1830,65.27
1832,65.27
1834,65.27
1836,65.33
1838,65.4
1839,65.4
1841,65.58
1843,65.58
1845,65.58
1847,65.86
1849,65.87
1850,66.26
1852,66.26
1854,66.26
1856,66.39
1857,66.47
1859,66.47
1861,66.66
1863,66.68
1865,66.68
1867,67.26
1868,67.26
1870,67.52
1872,67.52
1874,67.58
1876,67.58
1878,67.58
1880,68.05
1881,68.05
1883,68.05
1885,68.14
1887,68.14
1889,68.27
1890,68.27
1892,68.49
1894,68.85
1896,68.85
1898,68.85
1900,68.85
1902,68.96
1904,69.49
1906,69.49
1907,69.49
1909,69.52
1911,69.52
1913,69.52
1915,70.06
1917,70.06
1918,70.37
1920,70.37
1922,70.38
1924,70.38
1926,70.38
1928,70.6
1930,70.69
1932,70.69
1933,70.69
1935,70.69
1937,70.97
1939,70.97
1941,70.97
1943,70.97
1945,71.02
1947,71.02
1949,71.02
1951,71.02
1953,71.02
1955,71.02
1956,71.07
1958,71.12
1960,71.12
1962,71.48
1964,71.68
1966,71.99
1968,71.99
1970,71.99
1972,71.99
1974,72.21
1976,72.21
1978,72.21
1980,72.41
1982,72.41
1984,72.41
1986,72.42
1988,72.42
1990,72.42
1992,72.74
1993,72.81
1995,73.2
1997,73.25
1999,73.25
2001,73.25
2003,73.25
2005,73.34
2007,73.34
2009,73.5
2011,73.5
2013,73.76
2015,73.76
2017,73.76
2019,74.03
2021,74.13
2022,74.13
2024,74.13
2026,74.13
2028,74.25
2030,74.25
2032,74.25
2034,74.65
2036,74.83
2038,74.83
2040,74.83
2042,75.01
2044,75.01
2046,75.01
2048,75.01
2050,75.01
2052,75.01
2054,75.13
2056,75.13
2058,75.38
2059,75.38
2061,75.38
2063,75.38
2065,75.38
2067,75.56
2069,75.69
2071,75.69
2073,76.16
2075,76.16
2077,76.19
2079,76.19
2081,76.64
2083,76.64
2085,76.97
2087,76.97
2090,77.22
2092,77.24
2093,77.27
2095,77.27
2097,77.27
2099,77.27
2101,77.27
2103,77.27
2105,77.27
2107,77.44
2109,77.51
2111,77.51
2113,77.51
2115,77.77
2117,77.77
2119,77.77
2121,77.77
2123,77.77
2125,77.88
2127,77.88
2129,78.08
2131,78.08
2133,78.11
2135,78.19
2137,78.19
2139,78.26
2141,78.26
2143,78.26
2145,78.26
2147,78.26
2149,78.46
2151,78.58
2153,78.61
2155,78.61
2157,78.81
2159,78.87
2161,78.87
2163,78.87
2165,78.87
2167,78.87
2169,78.94
2171,78.94
2173,78.94
2175,78.94
2176,78.94
2178,78.94
2180,78.94
2182,78.94
2184,79.31
2186,79.31
2188,79.31
2190,79.32
2192,79.8
2194,79.96
2196,79.96
2198,79.96
2200,79.96
2202,79.96
2204,79.96
2206,80.12
2208,80.12
2210,80.33
2212,80.48
2214,80.48
2216,80.48
2218,80.48
2220,80.48
2222,80.5
2225,80.59
2227,80.59
2229,80.59
2230,81.08
2232,81.16
2234,81.48
2236,81.48
2238,81.66
2240,81.66
2242,81.66
2244,81.66
2246,81.7
2248,81.7
2250,81.7
2252,81.7
2254,81.7
2256,81.7
2258,81.82
2260,82.3
2262,82.33
2264,82.33
2266,82.59
2268,82.59
2270,83.03
2273,83.03
2274,83.25
2276,83.25
2278,83.25
2280,83.31
2282,83.31
2284,83.31
2286,83.6
2288,83.64
2290,83.83
2292,83.83
2294,83.98
2296,83.98
2298,83.98
2300,84.0
2302,84.06
2304,84.06
2306,84.06
2308,84.06
2310,84.15
2312,84.22
2314,84.4
2316,84.4
2318,84.4
2320,84.4
2322,84.49
2324,84.49
2326,84.49
2328,84.49
2330,84.57
2332,84.57
2335,84.57
2337,84.57
2339,84.67
2341,84.77
2343,84.77
2345,84.95
2347,84.95
2349,84.95
2351,84.95
2353,84.95
2355,85.01
2357,85.01
2359,85.14
2361,85.43
2363,85.49
2365,85.49
2368,85.49
2370,85.52
2372,85.52
2374,85.52
2376,85.6
2378,85.6
2380,85.6
2382,85.71
2384,85.71
2386,85.82
2388,85.82
2390,85.82
2392,85.89
2394,86.08
2396,86.08
2398,86.08
2400,86.24
2402,86.34
2404,86.37
2406,86.69
2408,86.69
2411,86.69
2413,86.69
2415,86.69
2417,86.69
2419,86.69
2421,86.69
2423,86.76
2425,86.76
2427,86.76
2429,86.76
2431,86.87
2433,86.87
2436,86.87
2438,86.87
2440,86.95
2442,86.95
2444,87.06
2446,87.16
2448,87.5
2451,87.5
2453,87.5
2455,87.61
2457,87.61
2459,87.61
2461,87.61
2463,87.69
2465,87.78
2467,87.78
2469,87.84
2471,87.84
2473,87.84
2475,87.86
2478,87.91
2480,87.92
2482,88.01
2484,88.01
2486,88.07
2488,88.07
2490,88.16
2492,88.26
2494,88.26
2496,88.26
2498,88.41
2500,88.41
2502,88.41
2504,88.41
2506,88.41
2508,88.41
2511,88.41
2513,88.41
2515,88.48
2517,88.48
2519,88.48
2521,88.6
2523,88.7
2525,88.7
2527,88.7
2529,88.7
2531,88.7
2533,88.7
2535,88.7
2537,88.7
2540,88.79
2542,88.8
2544,88.8
2546,88.8
2548,88.88
2550,88.88
2552,88.88
2554,88.88
2556,89.02
2558,89.18
2561,89.18
2563,89.26
2565,89.6
2567,89.6
2569,89.6
2571,89.6
2573,89.6
2575,89.71
2577,89.75
2579,89.75
2582,89.75
2584,89.75
2586,89.75
2588,89.75
2590,89.79
2592,89.79
2594,89.8
2597,89.86
2599,89.94
2601,89.94
2603,89.97
2605,89.97
2607,89.97
2610,90.33
2612,90.33
2614,90.33
2616,90.42
2618,90.42
2620,90.57
2623,90.62
2625,90.62
2627,90.65
2629,91.0
2631,91.0
2633,91.0
2635,91.0
2637,91.1
2639,91.11
2641,91.11
2643,91.11
2645,91.11
2647,91.22
2649,91.22
2652,91.22
2654,91.24
2656,91.24
2658,91.24
2660,91.32
2662,91.32
2664,91.32
2666,91.32
2668,91.32
2671,91.32
2673,91.32
2675,91.32
2677,91.34
2679,91.34
2681,91.34
2683,91.34
2685,91.6
2687,91.6
2690,91.6
2692,91.6
2694,91.6
2696,91.7
2698,91.7
2700,91.71
2702,91.71
2704,91.74
2706,91.74
2709,91.74
2711,91.74
2713,91.82
2715,91.92
2717,91.92
2719,91.98
2721,92.13
2723,92.13
2725,92.13
2728,92.13
2730,92.13
2732,92.13
2734,92.13
2736,92.28
2738,92.28
2741,92.37
2743,92.37
2745,92.37
2747,92.37
2749,92.38
2753,92.38
2755,92.38
2757,92.38
2759,92.38
2762,92.38
2764,92.38
2766,92.38
2768,92.38
2770,92.38
2772,92.56
2775,92.56
2778,92.56
2781,92.61
2784,92.61
2786,92.61
2788,92.61
2790,92.61
2792,92.63
2794,92.63
2796,92.64
2799,92.64
2801,92.74
2803,92.82
2805,92.82
2807,92.83
2810,92.84
2812,92.84
2814,92.97
2816,93.05
2819,93.09
2821,93.09
2823,93.1
2825,93.1
2827,93.18
2829,93.33
2831,93.43
2833,93.43
2835,93.43
2838,93.43
2840,93.43
2842,93.43
2844,93.43
2846,93.47
2848,93.56
2850,93.56
2852,93.56
2855,93.56
2857,93.56
2859,93.65
2861,93.65
2863,93.67
2865,93.67
2868,93.8
2870,93.8
2872,93.8
2874,93.8
2876,93.8
2878,93.81
2880,93.82
2883,93.82
2885,93.82
2887,93.82
2889,93.82
2891,93.82
2893,93.82
2895,93.82
2898,93.82
2900,93.82
2902,93.82
2904,93.82
2906,93.82
2908,93.99
2911,94.08
2913,94.1
2918,94.1
2921,94.1
2925,94.11
2927,94.11
2930,94.11
2934,94.12
2937,94.12
2940,94.12
2945,94.12
2949,94.14
2953,94.14
2955,94.14
2958,94.14
2960,94.14
2962,94.25
2964,94.33
2966,94.49
2968,94.49
2971,94.54
2973,94.55
2975,94.55
2977,94.56
2979,94.59
2982,94.61
2984,94.7
2986,94.7
2988,94.75
2990,94.75
2992,94.75
2994,94.75
2997,94.75
2999,94.75
3001,94.75
3003,94.76
3005,94.76
3008,94.76
3010,94.76
3012,94.76
3014,94.76
3016,94.76
3018,94.76
3020,94.86
3022,94.99
3025,94.99
3027,95.1
3029,95.1
3031,95.14
3033,95.14
3036,95.15
3038,95.18
3040,95.18
3042,95.18
3044,95.19
3046,95.19
3048,95.19
3051,95.22
3053,95.22
3055,95.23
3057,95.23
3060,95.24
3062,95.24
3064,95.29
3066,95.29
3068,95.59
3070,95.59
3073,95.59
3075,95.59
3077,95.59
3079,95.6
3081,95.6
3084,95.63
3086,95.63
3088,95.63
3090,95.63
3092,95.64
3094,95.64
3096,95.64
3099,95.73
3101,95.74
3103,95.75
3105,95.75
3108,95.84
3110,95.84
3112,95.84
3114,95.85
3116,95.85
3119,95.85
3121,95.85
3123,95.85
3125,95.85
3128,95.85
3130,95.85
3132,95.85
3134,95.85
3136,95.89
3139,95.91
3141,95.93
3143,95.96
3145,95.96
3147,95.96
3149,95.97
3152,95.97
3154,95.97
3156,95.97
3158,96.04
3160,96.04
3163,96.04
3165,96.07
3167,96.07
3169,96.07
3172,96.07
3174,96.07
3176,96.16
3178,96.18
3180,96.21
3182,96.21
3184,96.21
3187,96.21
3189,96.21
3191,96.23
3194,96.25
3196,96.25
3198,96.25
3200,96.25
3203,96.25
3205,96.36
3207,96.37
3209,96.37
3211,96.4
3213,96.4
3216,96.4
3218,96.4
3220,96.4
3222,96.4
3225,96.4
3227,96.41
3229,96.41
3231,96.41
3233,96.71
3236,96.71
3238,96.71
3240,96.71
3242,96.71
3244,96.71
3247,96.71
3249,96.71
3251,96.71
3253,96.71
3255,96.74
3258,96.95
3260,96.95
3262,96.95
3264,96.95
3266,97.06
3269,97.06
3271,97.06
3273,97.06
3276,97.06
3278,97.08
3280,97.08
3282,97.08
3284,97.08
3286,97.08
3289,97.08
3291,97.08
3293,97.08
3295,97.08
3297,97.08
3299,97.09
3302,97.09
3304,97.09
3306,97.09
3308,97.1
3310,97.1
3313,97.1
3315,97.1
3317,97.1
3319,97.1
3321,97.1
3323,97.1
3326,97.1
3328,97.1
3330,97.1
3332,97.31
3335,97.31
3337,97.31
3339,97.31
3341,97.31
3343,97.33
3345,97.39
3348,97.39
3350,97.4
3352,97.4
3354,97.4
3356,97.4
3359,97.4
3361,97.4
3363,97.4
3365,97.4
3367,97.4
3369,97.41
3372,97.41
3374,97.42
3376,97.42
3378,97.42
3380,97.42
3383,97.42
3385,97.44
3387,97.44
3389,97.44
3391,97.44
3393,97.44
3396,97.44
3398,97.44
3400,97.44
3402,97.44
3404,97.44
3407,97.44
3409,97.45
3411,97.45
3414,97.45
3416,97.46
3418,97.46
3420,97.46
3423,97.46
3425,97.47
3427,97.47
3429,97.47
3431,97.47
3433,97.49
3436,97.49
3438,97.49
3440,97.51
3442,97.51
3445,97.51
3447,97.51
3449,97.51
3451,97.51
3453,97.52
3456,97.53
3458,97.53
3460,97.53
3462,97.67
3464,97.69
3467,97.69
3469,97.69
3471,97.71
3473,97.71
3476,97.71
3478,97.72
3480,97.72
3482,97.72
3485,97.72
3487,97.72
3489,97.78
3491,97.78
3493,97.78
3495,97.78
3498,97.78
3500,97.82
3502,97.92
3504,97.92
3506,97.92
3509,97.92
3511,97.92
3513,98.14
3515,98.14
3518,98.17
3520,98.17
3522,98.17
3524,98.17
3527,98.18
3529,98.18
3531,98.18
3533,98.18
3535,98.18
3537,98.31
3540,98.31
3542,98.31
3544,98.33
3546,98.41
3549,98.41
3551,98.41
3553,98.41
3555,98.41
3558,98.41
3560,98.41
3562,98.41
3564,98.43
3566,98.43
3569,98.43
3571,98.43
3573,98.43
3575,98.43
3578,98.44
3580,98.44
3582,98.44
3584,98.44
3586,98.44
3589,98.44
3591,98.47
3593,98.47
3596,98.47
3598,98.47
3600,98.47
3602,98.47
3604,98.47
3607,98.47
3609,98.47
3611,98.48
3613,98.49
3616,98.5
3618,98.5
3620,98.5
3622,98.51
3624,98.51
3627,98.51
3629,98.51
3631,98.51
3633,98.51
3636,98.52
3638,98.54
3640,98.54
3643,98.54
3645,98.54
3647,98.54
3649,98.54
3651,98.54
3654,98.54
3656,98.54
3658,98.54
3661,98.54
3663,98.54
3665,98.54
3667,98.54
3670,98.54
3672,98.54
3674,98.54
3676,98.54
3679,98.56
3681,98.56
3683,98.56
3685,98.69
3687,98.69
3689,98.69
3692,98.69
3694,98.69
3696,98.69
3698,98.69
3701,98.69
3703,98.69
3705,98.77
3708,98.77
3710,98.77
3713,98.77
3716,98.87
3718,98.87
3721,98.95
3724,98.96
3726,98.96
3729,98.96
3732,98.96
3734,98.96
3737,98.97
3740,98.97
3742,98.97
3745,98.97
3748,98.97
3751,98.97
3753,98.97
3756,98.97
3759,98.97
3761,98.97
3764,98.97
3767,98.97
3770,98.97
3773,98.97
3775,98.97
3778,98.97
3781,98.97
3784,98.97
3786,98.97
3789,98.97
3792,98.97
3795,98.98
3797,98.98
3800,98.98
3803,98.98
3806,98.98
3809,98.98
3811,98.98
3814,98.98
3817,98.98
3820,98.98
3823,98.98
3825,98.98
3828,98.98
3831,98.98
3833,98.98
3836,98.98
3839,98.98
3841,98.98
3844,98.99
3847,98.99
3850,98.99
3853,99.02
3856,99.02
3859,99.02
3861,99.02
3864,99.02
3867,99.02
3870,99.03
3873,99.03
3876,99.03
3879,99.03
3882,99.03
3885,99.03
3888,99.03
3891,99.03
3893,99.03
3896,99.03
3899,99.03
3902,99.03
3905,99.03
3908,99.03
3911,99.04
3914,99.04
3916,99.04
3919,99.04
3922,99.04
3925,99.04
3928,99.04
3931,99.04
3934,99.04
3937,99.04
3940,99.04
3942,99.04
3945,99.09
3948,99.09
3951,99.09
3954,99.09
3957,99.11
3960,99.11
3962,99.12
3965,99.12
3968,99.13
3971,99.13
3974,99.13
3977,99.13
3980,99.15
3983,99.15
3986,99.16
3989,99.16
3992,99.27
3995,99.27
3997,99.27
4000,99.28
4003,99.28
4006,99.28
4009,99.28
4012,99.28
4015,99.28
4018,99.28
4021,99.39
4024,99.39
4027,99.39
4030,99.39
4032,99.39
4035,99.39
4038,99.39
4041,99.39
4044,99.39
4047,99.39
4050,99.39
4053,99.39
4056,99.39
4059,99.39
4062,99.39
4065,99.39
4068,99.39
4071,99.39
4074,99.39
4077,99.39
4080,99.41
4083,99.41
4085,99.41
4088,99.41
4091,99.46
4094,99.51
4097,99.51
4100,99.51
4103,99.51
4106,99.51
4108,99.51
4111,99.51
4114,99.51
4117,99.51
4120,99.51
4123,99.52
4126,99.52
4128,99.52
4131,99.52
4134,99.53
4137,99.53
4140,99.53
4143,99.54
4146,99.54
4149,99.54
4151,99.54
4154,99.54
4157,99.54
4160,99.54
4163,99.54
4166,99.54
4169,99.54
4172,99.54
4175,99.54
4178,99.54
4181,99.54
4183,99.54
4187,99.54
4189,99.65
4192,99.65
4195,99.65
4198,99.65
4201,99.66
4204,99.66
4207,99.66
4210,99.66
4213,99.66
4216,99.66
4219,99.66
4221,99.66
4224,99.66
4227,99.66
4230,99.66
4233,99.66
4236,99.66
4239,99.66
4242,99.66
4244,99.66
4247,99.66
4250,99.66
4253,99.66
4256,99.71
4259,99.71
4261,99.71
4264,99.71
4267,99.71
4270,99.71
4273,99.71
4276,99.71
4279,99.71
4282,99.71
4285,99.71
4288,99.71
4291,99.71
4294,99.71
4297,99.72
4300,99.72
4302,99.72
4305,99.73
4308,99.73
4311,99.73
4314,99.73
4317,99.74
4319,99.74
4322,99.74
4325,99.74
4328,99.75
4331,99.75
4334,99.75
4337,99.75
4340,99.75
4342,99.75
4345,99.75
4348,99.75
4351,99.75
4354,99.75
4357,99.75
4360,99.75
4363,99.75
4366,99.76
4369,99.76
4371,99.76
4374,99.76
4377,99.76
4380,99.76
4383,99.76
4386,99.76
4389,99.76
4392,99.76
4394,99.76
4397,99.76
4400,99.77
4403,99.77
4406,99.77
4409,99.77
4412,99.77
4415,99.77
4418,99.77
4420,99.77
4423,99.77
4426,99.77
4429,99.77
4432,99.77
4435,99.77
4438,99.79
4441,99.79
4444,99.79
4447,99.79
4450,99.79
4453,99.79
4456,99.79
4458,99.79
4461,99.79
4464,99.79
4467,99.79
4470,99.79
4473,99.79
4476,99.87
4479,99.87
4482,99.87
4485,99.87
4488,99.87
4491,99.87
4494,99.87
4497,99.87
4499,99.87
4502,99.87
4505,99.87
4508,99.87
4511,99.87
4514,99.87
4517,99.87
4520,99.88
4523,99.88
4526,99.88
4529,99.88
4531,99.88
4534,99.88
4537,99.88
4540,99.88
4543,99.88
4546,99.88
4549,99.88
4552,99.88
4555,99.88
4558,99.88
4561,99.88
4564,99.88
4566,99.88
4569,99.88
4572,99.88
4575,99.88
4578,99.88
4581,99.88
4584,99.88
4587,99.88
4590,99.88
4593,99.88
4596,99.89
4599,99.89
4601,99.89
4604,99.89
4607,99.89
4610,99.89
4613,99.89
4616,99.89
4619,99.89
4622,99.89
4625,99.9
4628,99.9
4631,99.9
4634,99.9
4637,99.9
4640,99.9
4643,99.91
4646,99.91
4649,99.91
4652,99.91
4655,99.91
4658,99.91
4661,99.91
4664,99.91
4667,99.91
4669,99.91
4672,99.91
4675,99.91
4678,99.91
4681,99.91
4684,99.91
4687,99.91
4690,99.91
4693,99.91
4696,99.91
4699,99.91
4702,99.91
4704,99.91
4707,99.91
4710,99.91
4713,99.91
4716,99.91
4719,99.91
4722,99.91
4725,99.91
4728,99.91
4731,99.92
4734,99.92
4737,99.92
4740,99.92
4743,99.92
4746,99.92
4749,99.92
4752,99.92
4755,99.92
4758,99.92
4760,99.92
4763,99.92
4766,99.92
4769,99.92
4772,99.92
4775,99.92
4778,99.93
4781,99.93
4784,99.93
4787,99.93
4790,99.93
4793,99.93
4796,99.93
4799,99.93
4802,99.94
4805,99.94
4808,99.94
4811,99.94
4814,99.94
4817,99.94
4820,99.94
4823,99.94
4826,99.94
4829,99.94
4832,99.94
4835,99.94
4838,99.94
4841,99.94
4844,99.94
4847,99.94
4850,99.94
4853,99.95
4856,99.95
4859,99.95
4862,99.95
4865,99.95
4868,99.95
4870,99.95
4873,99.95
4876,99.95
4879,99.95
4882,99.95
4885,99.95
4888,99.95
4891,99.95
4894,99.95
4897,99.95
4900,99.96
4903,99.96
4906,99.96
4908,99.96
4911,99.96
4914,99.96
4917,99.96
4920,99.96
4923,99.96
4926,99.96
4929,99.96
4932,99.96
4935,99.96
4938,99.96
4941,99.96
4944,99.96
4947,99.96
4950,99.96
4953,99.96
4955,99.96
4958,99.96
4961,99.96
4964,99.96
4967,99.96
4970,99.96
4973,99.96
4976,99.96
4979,99.96
4982,99.96
4985,99.96
4988,99.96
4991,99.96
4994,99.96
4997,99.96
5000,99.96
5003,99.96
5006,99.96
5009,99.96
5012,99.96
5015,99.96
5018,99.96
5021,99.96
5024,99.96
5027,99.97
5030,99.97
5033,99.97
5036,99.97
5039,99.97
5042,99.97
5045,99.97
5048,99.97
5051,99.97
5054,99.97
5057,99.97
5060,99.97
5063,99.97
5065,99.97
5068,99.97
5071,99.97
5074,99.97
5077,99.97
5080,99.97
5083,99.97
5086,99.97
5089,99.97
5092,99.97
5095,99.97
5098,99.97
5101,99.97
5104,99.97
5107,99.97
5110,99.97
5113,99.97
5116,99.97
5119,99.97
5122,99.97
5125,99.97
5128,99.97
5131,99.97
5133,99.97
5137,99.97
5140,99.97
5142,99.97
5145,99.97
5148,99.97
5151,99.97
5154,99.97
5157,99.97
5160,99.98
5163,99.98
5166,99.98
5169,99.98
5172,99.98
5175,99.98
5178,99.98
5181,99.98
5184,99.98
5187,99.98
5190,99.98
5193,99.98
5196,99.98
5199,99.98
5202,99.98
5205,99.98
5208,99.98
5211,99.98
5214,99.98
5217,99.98
5220,99.98
5223,99.98
5225,99.98
5228,99.98
5231,99.98
5234,99.98
5237,99.98
5240,99.98
5243,99.98
5246,99.98
5249,99.98
5252,99.98
5255,99.98
5258,99.98
5261,99.98
5264,99.98
5267,99.98
5269,99.98
5272,99.98
5275,99.98
5278,99.98
5281,99.98
5284,99.98
5287,99.99
5290,99.99
5293,99.99
5296,99.99
5299,99.99
5302,99.99
5304,99.99
5307,99.99
5310,99.99
5313,99.99
5316,99.99
5319,99.99
5322,99.99
5325,99.99
5328,99.99
5331,99.99
5334,100.0
