0,10
9,3
20,5
24,5
28,8
33,8
36,7
41,9
44,7
47,7
50,7
53,8
57,8
59,6
63,6
66,6
68,8
71,10
74,11
76,12
79,11
82,11
85,15
88,13
91,13
94,15
97,17
101,16
106,13
110,15
112,15
113,15
115,16
117,16
120,15
124,15
126,14
127,14
129,16
130,15
132,15
134,15
135,15
137,15
139,17
141,15
143,17
144,14
147,14
149,14
153,14
157,15
160,14
162,14
165,14
166,13
168,13
169,14
170,12
171,14
172,13
173,13
175,13
176,11
178,11
179,11
180,11
181,11
183,11
184,11
185,14
186,13
187,13
188,13
189,13
191,12
192,11
193,11
194,11
195,12
197,11
198,10
199,11
200,14
201,11
202,11
203,11
205,11
206,11
207,11
208,10
210,11
211,12
212,11
213,11
214,14
215,14
216,14
217,13
219,12
221,9
223,10
225,9
227,9
229,9
231,8
234,8
236,8
238,8
239,11
241,11
242,11
243,11
245,10
246,10
247,10
248,10
249,11
250,10
251,9
252,10
253,10
254,9
255,11
256,12
258,12
259,12
260,12
261,12
262,13
263,13
264,13
265,14
266,14
267,14
268,15
269,14
270,15
271,17
273,15
274,13
275,13
276,13
277,14
278,12
279,12
280,12
281,13
282,14
283,13
284,18
285,22
287,18
288,18
289,17
290,17
291,17
292,16
293,17
294,16
295,16
296,17
297,19
299,28
301,22
302,20
303,20
304,20
305,20
306,20
307,20
308,20
309,20
310,21
311,20
313,20
314,20
315,21
316,20
317,21
318,20
319,20
320,20
321,19
322,18
323,17
324,19
326,18
327,18
328,17
329,18
330,17
331,17
332,20
333,21
334,20
335,20
336,20
337,20
338,21
339,20
340,20
341,21
343,20
344,20
345,19
346,20
347,20
348,19
349,19
350,19
352,18
353,18
354,19
355,19
356,20
357,23
358,21
359,20
360,21
361,19
362,19
363,19
364,19
365,19
367,18
368,18
369,18
370,20
371,20
372,20
374,22
375,20
376,20
377,20
379,20
380,20
381,19
382,20
383,18
384,17
385,19
386,17
387,16
389,17
390,18
391,17
392,16
393,17
394,16
395,16
396,19
397,17
398,19
400,19
402,18
404,19
405,18
408,17
410,17
411,17
413,19
415,18
416,21
417,20
418,22
419,19
421,19
422,19
423,19
424,19
425,20
426,19
427,19
428,19
429,19
430,18
432,20
433,20
434,17
435,17
436,16
437,17
438,19
439,18
440,18
441,18
442,19
444,19
445,19
446,18
447,20
448,19
449,20
450,17
452,17
453,17
454,16
455,16
456,17
457,16
458,17
459,17
461,17
462,18
463,17
464,15
465,15
466,18
467,16
468,15
470,14
471,14
472,14
473,13
474,14
475,13
476,15
477,14
478,14
479,13
480,13
481,12
482,13
484,14
485,13
486,13
487,13
488,13
489,13
491,14
492,14
494,15
495,16
496,16
497,15
498,16
499,15
500,15
501,17
502,16
503,15
504,16
506,16
507,16
508,16
509,17
510,16
511,15
512,13
513,13
514,13
515,15
516,13
517,14
518,14
520,15
521,12
522,12
523,12
524,13
525,11
526,11
527,11
528,12
530,11
531,11
532,10
533,10
534,8
535,10
536,9
537,9
538,9
539,10
540,9
542,9
543,9
544,10
545,10
546,7
547,9
548,7
549,8
550,7
551,8
552,8
554,8
555,11
556,8
557,8
558,9
559,8
560,8
561,9
562,8
564,9
565,10
566,9
567,8
568,8
569,9
570,10
571,9
573,9
574,9
575,8
576,9
577,8
578,8
579,8
580,8
581,8
582,8
583,10
584,8
586,9
587,10
588,9
589,11
590,12
591,12
592,13
593,13
594,12
595,12
596,12
598,13
599,11
600,23
602,34
603,21
604,24
605,23
606,24
607,27
609,25
610,24
611,24
612,24
613,24
614,26
615,44
617,41
618,35
619,34
620,36
622,36
623,35
624,36
625,34
626,34
627,34
628,35
629,35
630,34
631,35
633,34
634,34
635,35
636,36
637,35
638,36
639,36
640,36
642,35
643,35
644,36
645,37
646,38
647,38
648,38
649,38
650,40
651,38
653,38
654,38
655,37
656,37
657,38
658,37
659,37
660,37
662,37
663,36
664,38
665,38
666,37
667,36
668,36
669,36
670,36
671,36
673,36
674,37
675,36
677,37
678,36
679,37
680,37
682,37
683,36
684,37
685,36
687,34
688,34
689,35
690,35
691,35
692,35
694,36
695,35
696,36
698,36
699,37
700,36
701,35
702,35
703,37
704,34
705,33
706,32
707,33
708,32
709,32
711,33
712,31
713,28
714,29
716,28
717,29
718,27
719,26
720,26
722,28
723,27
724,28
725,25
726,27
727,26
729,25
730,27
731,25
732,26
733,26
734,26
735,26
737,25
738,21
739,22
740,25
742,24
743,26
745,24
746,25
747,25
748,25
749,26
750,28
752,30
753,29
754,28
755,32
756,28
758,32
759,28
760,31
761,28
762,30
763,27
765,29
766,28
767,28
768,27
769,30
771,31
772,31
773,30
774,30
775,30
776,31
778,29
779,30
780,31
782,31
783,31
784,32
786,32
787,29
788,31
789,31
790,31
792,32
793,31
794,33
795,35
796,34
798,36
799,35
800,38
801,36
802,36
804,36
805,37
806,42
807,38
808,39
810,39
811,41
812,38
813,38
814,42
816,42
817,42
818,41
819,41
821,42
822,44
823,44
824,43
825,43
826,44
828,40
829,43
830,41
831,40
832,41
834,42
835,41
836,39
837,41
838,40
840,40
841,42
842,44
843,43
844,41
845,43
847,40
848,40
849,39
850,38
852,40
854,41
855,39
856,39
857,44
858,41
860,40
861,40
862,40
863,39
864,40
865,38
867,38
868,38
869,38
870,38
871,39
873,41
874,38
875,37
877,37
878,39
879,39
880,39
881,37
883,38
884,39
885,38
886,39
887,42
888,42
890,40
891,41
892,42
893,41
894,41
896,41
897,43
898,44
899,44
900,44
901,44
903,45
904,43
905,45
906,45
907,45
909,47
910,47
911,45
912,46
913,45
915,46
916,47
917,47
918,49
919,48
921,46
922,46
923,44
924,43
926,44
927,45
928,43
929,44
930,44
931,45
933,44
934,44
935,44
936,44
937,46
939,46
940,48
941,43
943,44
944,46
945,45
947,44
948,47
949,44
950,45
951,45
953,45
954,46
955,46
957,47
958,47
959,49
960,48
961,48
963,50
964,50
965,49
966,50
967,48
969,49
970,48
971,48
972,48
973,49
975,49
976,48
977,49
979,50
980,50
981,50
982,51
983,51
985,52
986,50
987,49
988,49
990,48
991,48
992,48
993,50
994,50
996,50
997,50
998,49
999,49
1000,50
1002,49
1003,50
1004,51
1005,50
1006,50
1008,50
1009,51
1010,49
1011,49
1013,50
1014,48
1015,48
1016,47
1017,47
1019,49
1020,47
1021,48
1022,47
1023,48
1025,49
1026,49
1027,48
1028,47
1030,46
1031,46
1032,46
1033,48
1034,47
1036,48
1037,47
1038,47
1039,48
1041,48
1042,49
1043,50
1044,51
1046,51
1047,51
1048,51
1049,50
1051,50
1052,52
1053,52
1054,51
1056,54
1057,55
1058,56
1059,54
1060,55
1062,54
1063,54
1064,54
1065,54
1066,55
1068,54
1069,53
1071,55
1072,56
1073,58
1074,56
1076,56
1077,57
1078,56
1080,56
1081,54
1082,54
1083,54
1085,53
1086,54
1087,53
1088,57
1089,54
1091,54
1092,53
1093,53
1094,52
1096,51
1097,53
1098,53
1099,53
1101,53
1102,53
1103,54
1104,54
1106,55
1107,57
1108,55
1109,55
1111,55
1112,55
1113,54
1115,54
1116,56
1117,56
1118,57
1120,57
1121,59
1122,57
1123,58
1125,59
1126,58
1127,58
1128,58
1129,58
1131,58
1132,57
1133,58
1134,57
1136,59
1137,58
1138,57
1140,58
1141,58
1142,58
1143,58
1145,57
1146,57
1147,57
1148,56
1150,57
1151,56
1152,55
1154,56
1155,55
1156,55
1157,55
1159,54
1160,55
1161,54
1162,53
1164,53
1165,53
1166,54
1167,53
1168,54
1170,54
1171,55
1172,54
1173,54
1175,54
1176,53
1177,53
1178,53
1180,54
1181,54
1182,53
1183,53
1185,53
1186,54
1187,55
1188,55
1190,55
1191,56
1192,55
1193,55
1195,55
1196,56
1197,55
1199,55
1200,55
1201,54
1202,54
1204,53
1205,53
1206,53
1207,52
1209,52
1210,53
1211,54
1212,55
1214,55
1215,54
1216,53
1218,54
1219,53
1220,54
1221,54
1223,51
1224,51
1225,52
1226,51
1228,53
1229,51
1230,50
1231,50
1233,51
1234,50
1235,51
1236,51
1238,52
1239,51
1240,51
1241,51
1243,51
1244,51
1245,53
1246,52
1248,52
1249,52
1250,51
1251,52
1252,52
1254,52
1255,52
1256,52
1257,51
1258,51
1260,51
1261,52
1262,52
1263,52
1264,52
1266,52
1267,52
1268,54
1269,54
1270,52
1272,52
1273,51
1274,52
1276,52
1277,53
1278,52
1279,50
1281,50
1282,51
1283,51
1285,51
1286,52
1287,52
1288,52
1290,52
1291,52
1292,53
1294,52
1295,51
1296,51
1297,52
1299,51
1300,52
1301,52
1303,52
1304,54
1305,53
1307,53
1308,53
1309,53
1311,55
1312,54
1313,54
1314,56
1316,53
1317,54
1318,54
1320,53
1321,51
1322,51
1323,51
1324,51
1326,49
1327,49
1328,49
1330,49
1331,50
1332,49
1333,50
1335,48
1336,47
1337,47
1338,47
1340,49
1341,47
1343,47
1344,48
1345,47
1346,46
1348,48
1349,49
1350,48
1351,49
1353,49
1354,49
1355,48
1357,48
1358,48
1359,48
1360,49
1362,49
1363,51
1364,50
1365,51
1367,50
1368,50
1369,51
1371,50
1372,49
1373,49
1374,49
1376,49
1377,49
1378,48
1379,49
1381,49
1382,48
1383,50
1385,47
1386,46
1387,46
1389,46
1390,48
1391,47
1392,46
1394,45
1395,45
1396,46
1398,46
1399,46
1400,45
1402,46
1403,45
1404,46
1405,44
1407,46
1408,43
1409,43
1410,44
1412,43
1413,43
1415,42
1416,44
1417,44
1419,44
1420,44
1421,44
1422,45
1424,44
1425,44
1426,44
1428,44
1429,45
1430,45
1432,45
1433,45
1434,44
1435,44
1437,44
1438,44
1440,44
1441,44
1442,44
1443,45
1445,44
1446,45
1447,45
1449,46
1450,46
1452,44
1453,43
1454,43
1456,43
1457,43
1458,43
1460,42
1461,42
1462,43
1464,43
1465,41
1466,43
1468,43
1469,41
1470,41
1472,41
1473,41
1475,40
1476,40
1477,40
1478,39
1480,39
1481,40
1482,41
1484,42
1485,42
1486,41
1488,42
1489,41
1490,41
1492,41
1493,41
1494,41
1496,41
1497,42
1498,42
1500,42
1501,42
1502,42
1504,43
1505,43
1506,42
1508,42
1509,42
1510,44
1512,43
1513,43
1514,44
1516,44
1517,45
1518,42
1520,42
1521,43
1522,43
1524,43
1525,43
1526,42
1527,42
1529,42
1530,42
1531,43
1533,43
1534,43
1536,44
1537,44
1538,43
1540,43
1541,43
1543,43
1544,43
1546,43
1547,42
1548,42
1550,42
1551,42
1552,43
1554,44
1555,44
1556,44
1558,44
1559,44
1561,44
1562,44
1564,43
1565,42
1566,42
1568,41
1569,43
1571,43
1572,41
1574,40
1575,40
1576,40
1578,40
1579,40
1581,38
1582,37
1583,37
1585,38
1586,38
1588,37
1589,37
1591,37
1592,37
1593,37
1595,37
1596,37
1598,36
1599,36
1601,36
1602,35
1603,35
1605,35
1606,35
1608,36
1609,35
1611,35
1612,35
1613,35
1615,34
1616,34
1617,33
1619,33
1620,33
1622,33
1623,34
1625,34
1626,33
1627,33
1629,34
1630,33
1632,33
1633,33
1635,33
1636,33
1637,33
1639,33
1640,33
1642,33
1643,33
1645,33
1646,34
1648,33
1649,34
1651,35
1652,33
1653,34
1655,34
1656,33
1658,33
1659,33
1661,32
1662,33
1664,34
1665,32
1666,31
1668,31
1669,31
1671,30
1672,31
1674,32
1675,31
1676,32
1678,31
1679,31
1681,31
1682,30
1684,31
1685,30
1686,29
1688,30
1689,29
1691,28
1692,28
1694,28
1695,29
1696,28
1698,27
1699,27
1701,27
1702,29
1704,29
1705,28
1706,27
1708,26
1709,26
1711,27
1713,29
1714,29
1715,29
1717,30
1718,31
1720,29
1721,30
1723,29
1724,28
1726,28
1727,28
1728,28
1730,28
1732,27
1733,29
1735,27
1736,26
1738,27
1739,29
1741,26
1742,28
1744,27
1745,26
1746,26
1748,26
1749,27
1751,26
1752,25
1754,25
1755,27
1757,27
1758,26
1760,25
1761,29
1763,29
1764,28
1766,27
1768,26
1769,26
1771,26
1772,25
1773,26
1775,27
1776,27
1778,29
1779,26
1781,27
1782,26
1784,29
1786,27
1787,26
1788,26
1790,26
1791,27
1793,26
1794,26
1796,28
1797,26
1799,29
1800,28
1802,28
1803,29
1805,31
1806,31
1808,31
1810,32
1811,32
1813,30
1814,31
1816,32
1817,30
1819,29
1820,28
1821,31
1823,31
1824,30
1826,29
1828,30
1829,30
1831,29
1832,29
1834,30
1835,29
1837,29
1838,31
1840,29
1841,29
1843,28
1844,29
1846,29
1847,29
1849,30
1850,30
1852,30
1853,31
1855,31
1856,30
1858,32
1860,32
1861,31
1863,30
1864,31
1866,31
1867,32
1869,29
1870,29
1872,29
1873,31
1875,31
1876,31
1878,30
1880,32
1881,31
1883,30
1884,31
1886,31
1887,28
1889,28
1890,29
1892,29
1893,30
1895,31
1897,29
1898,29
1900,33
1901,28
1903,28
1905,28
1906,29
1908,28
1909,28
1911,29
1913,27
1914,28
1916,30
1917,33
1919,31
1920,29
1922,32
1924,31
1925,29
1927,29
1928,29
1930,29
1932,29
1933,29
1935,29
1937,32
1938,31
1940,31
1941,30
1943,31
1945,33
1946,31
1948,33
1949,32
1951,34
1952,33
1954,33
1956,33
1957,34
1959,34
1960,33
1962,32
1964,32
1965,30
1967,31
1968,30
1970,29
1972,31
1973,31
1975,31
1976,31
1978,29
1980,30
1981,30
1983,30
1985,29
1986,30
1988,30
1989,31
1991,31
1992,30
1994,31
1996,31
1997,32
1999,35
2001,32
2002,32
2004,32
2006,33
2007,33
2009,32
2011,33
2012,36
2014,35
2015,35
2017,35
2019,37
2020,35
2022,36
2024,35
2025,35
2027,37
2028,34
2030,33
2031,33
2033,33
2035,34
2036,35
2038,34
2040,35
2041,34
2043,34
2044,34
2046,35
2048,34
2049,32
2051,33
2053,34
2054,35
2056,34
2057,35
2059,35
2061,36
2062,35
2064,35
2065,35
2067,35
2069,38
2071,38
2072,38
2074,38
2075,38
2077,38
2079,40
2080,38
2082,39
2084,37
2085,38
2087,37
2088,37
2090,38
2092,38
2094,37
2095,38
2097,38
2099,37
2100,37
2102,38
2104,38
2106,37
2108,36
2110,38
2112,39
2114,39
2116,40
2118,40
2120,40
2122,40
2124,41
2126,39
2128,40
2130,40
2132,41
2134,41
2136,41
2138,41
2140,39
2142,39
2144,39
2146,37
2148,37
2150,37
2152,38
2155,39
2157,39
2159,39
2161,38
2163,37
2165,37
2167,37
2169,40
2171,39
2173,39
2175,39
2177,40
2179,41
2181,40
2183,40
2185,41
2188,40
2190,40
2192,41
2194,39
2196,39
2198,39
2200,42
2202,41
2204,42
2206,43
2208,41
2210,42
2212,41
2214,43
2216,42
2218,42
2220,42
2222,42
2224,42
2226,41
2228,41
2230,43
2233,42
2235,40
2237,40
2239,40
2241,40
2243,42
2245,41
2247,42
2249,41
2251,41
2253,41
2255,42
2257,45
2260,42
2262,41
2264,41
2265,41
2268,41
2270,42
2272,42
2274,43
2276,43
2278,43
2281,43
2283,44
2285,44
2287,45
2289,44
2291,45
2293,43
2295,44
2298,44
2300,44
2302,43
2304,43
2306,41
2308,43
2310,43
2313,42
2315,44
2317,43
2319,42
2321,41
2323,43
2325,42
2328,43
2330,43
2332,43
2335,44
2337,44
2339,45
2342,45
2344,45
2346,44
2348,43
2350,43
2353,43
2355,43
2357,45
2359,45
2361,43
2363,43
2366,43
2368,44
2370,43
2373,44
2375,45
2377,43
2379,44
2381,43
2384,44
2386,42
2388,42
2390,44
2393,44
2395,43
2397,44
2399,43
2402,45
2404,43
2406,44
2408,43
2411,43
2413,43
2415,44
2417,44
2420,45
2422,47
2424,46
2426,46
2428,46
2431,48
2433,46
2435,46
2438,46
2440,47
2442,46
2444,46
2447,45
2449,46
2451,45
2453,45
2456,47
2458,45
2460,47
2462,45
2465,46
2467,45
2469,44
2471,43
2474,44
2476,43
2478,44
2480,43
2482,43
2485,44
2487,44
2489,47
2491,44
2493,44
2496,43
2498,42
2500,42
2503,42
2505,41
2507,43
2510,42
2512,43
2514,42
2517,43
2519,44
2521,42
2524,44
2526,43
2528,43
2530,43
2533,43
2535,42
2538,43
2540,42
2542,44
2544,42
2547,43
2549,43
2551,42
2554,43
2556,42
2558,43
2561,41
2563,41
2565,41
2568,42
2570,41
2572,42
2575,42
2577,43
2580,42
2582,42
2584,43
2586,42
2589,42
2591,42
2594,43
2596,42
2598,43
2601,43
2603,44
2605,43
2607,44
2610,45
2612,46
2615,46
2617,45
2619,45
2621,45
2624,45
2626,44
2629,46
2631,44
2633,45
2636,44
2638,45
2640,44
2643,43
2645,44
2647,42
2650,42
2652,42
2654,42
2657,42
2659,43
2661,43
2663,45
2666,43
2668,44
2670,42
2672,42
2675,43
2677,42
2679,41
2681,41
2684,41
2686,42
2689,41
2691,42
2693,43
2696,43
2698,45
2701,43
2703,43
2706,44
2708,43
2711,43
2713,43
2716,43
2718,44
2720,42
2723,42
2725,43
2728,42
2730,42
2733,41
2735,41
2738,41
2740,40
2743,39
2746,38
2748,39
2750,38
2753,37
2755,37
2758,36
2760,37
2763,36
2765,36
2768,37
2770,38
2773,37
2775,36
2778,37
2780,36
2783,37
2785,36
2788,38
2790,36
2793,37
2795,36
2798,36
2800,38
2803,37
2806,37
2808,38
2811,37
2813,37
2816,38
2818,37
2821,39
2823,38
2826,38
2828,37
2831,39
2834,40
2836,37
2839,37
2841,37
2844,39
2846,39
2849,38
2851,61
2854,47
2857,48
2859,46
2862,49
2864,47
2867,99
2871,139
2874,114
2877,91
2879,91
2882,92
2884,92
2887,91
2889,103
2892,96
2895,97
2897,96
2900,101
2903,101
2906,162
2910,190
2913,139
2916,138
2918,138
2921,138
2924,139
2926,138
2929,138
2932,137
2934,137
2937,137
2940,138
2942,137
2945,137
2948,136
2950,136
2953,136
2956,135
2958,135
2961,137
2963,135
2966,135
2969,136
2971,135
2974,134
2977,133
2979,133
2982,133
2985,133
2988,133
2990,134
2993,133
2996,135
2999,132
3001,132
3004,132
3006,132
3009,132
3012,132
3014,132
3017,132
3020,132
3023,133
3025,131
3028,131
3031,132
3034,132
3036,130
3039,131
3042,130
3044,129
3047,128
3050,127
3053,126
3056,125
3058,125
3061,125
3064,124
3067,124
3070,123
3072,123
3075,122
3078,121
3081,122
3084,121
3087,122
3089,122
3092,121
3095,120
3098,119
3101,119
3103,117
3106,117
3109,119
3112,118
3115,118
3118,118
3120,119
3123,117
3127,117
3129,116
3132,117
3135,117
3138,120
3140,118
3143,119
3146,118
3149,118
3152,117
3155,116
3158,118
3160,115
3164,115
3166,114
3169,118
3173,116
3175,116
3178,115
3181,115
3184,115
3187,115
3190,115
3193,116
3196,115
3199,114
3202,115
3205,113
3208,116
3211,114
3214,114
3217,114
3220,118
3223,115
3226,115
3228,115
3231,116
3234,116
3237,116
3240,116
3243,117
3245,116
3248,117
3251,117
3254,117
3257,120
3260,119
3263,118
3266,119
3269,122
3271,120
3274,119
3277,119
3280,120
3282,121
3285,121
3288,121
3291,123
3294,121
3296,122
3299,121
3302,121
3305,123
3308,122
3311,121
3314,121
3316,124
3319,122
3322,121
3325,121
3328,121
3331,122
3334,123
3337,123
3340,125
3343,123
3346,124
3349,123
3352,125
3355,125
3358,124
3361,124
3364,127
3367,125
3370,124
3373,123
3375,123
3378,122
3381,122
3384,121
3387,120
3389,119
3392,118
3395,119
3398,116
3401,116
3404,114
3407,114
3410,115
3413,114
3416,112
3419,112
3422,114
3425,114
3428,113
3431,112
3435,110
3437,112
3440,111
3443,110
3446,111
3450,111
3453,112
3456,115
3459,113
3462,112
3465,113
3468,114
3471,115
3475,116
3478,118
3481,116
3484,116
3487,117
3490,115
3493,115
3496,115
3499,116
3502,117
3505,116
3508,116
3511,117
3514,117
3517,117
3520,118
3523,120
3526,118
3529,119
3532,120
3535,119
3538,118
3541,118
3545,119
3548,121
3551,122
3554,122
3557,121
3560,121
3563,122
3566,123
3569,123
3572,122
3575,123
3578,125
3581,124
3585,122
3588,122
3591,122
3594,121
3597,121
3600,120
3603,119
3607,118
3610,118
3613,119
3615,118
3619,118
3622,116
3625,116
3628,116
3631,116
3634,115
3637,114
3640,112
3643,112
3646,113
3649,111
3652,110
3655,109
3658,109
3661,110
3664,109
3667,109
3670,109
3673,111
3677,111
3680,111
3683,113
3686,111
3689,113
3692,116
3695,115
3699,116
3702,116
3705,114
3708,116
3711,117
3714,115
3717,114
3721,114
3724,114
3726,112
3730,111
3733,110
3736,110
3739,110
3742,110
3745,112
3749,109
3751,110
3754,109
3758,110
3761,110
3764,113
3767,112
3770,111
3774,113
3777,112
3780,111
3783,110
3786,112
3789,113
3792,114
3795,114
3798,113
3801,115
3804,116
3808,115
3811,116
3814,117
3817,116
3820,117
3823,119
3826,117
3829,122
3832,122
3835,122
3838,121
3841,121
3844,122
3847,122
3850,122
3853,122
3857,122
3860,122
3863,123
3866,123
3869,123
3873,124
3876,122
3879,122
3882,123
3885,124
3888,124
3891,124
3894,124
3897,124
3900,125
3903,126
3906,126
3909,126
3912,126
3915,127
3918,127
3922,126
3925,126
3928,127
3931,128
3934,127
3937,127
3940,128
3943,128
3946,128
3949,128
3953,128
3956,128
3959,128
3962,128
3964,129
3968,128
3971,128
3974,128
3977,129
3980,129
3983,130
3986,131
3989,130
3992,130
3995,130
3999,130
4002,130
4005,130
4009,131
4012,130
4015,130
4018,130
4021,130
4024,130
4027,130
4030,130
4033,130
4037,131
4040,130
4043,130
4047,130
4050,131
4053,130
4056,130
4059,130
4062,130
4065,130
4068,130
4071,130
4074,130
4077,130
4080,130
4084,130
4087,130
4090,130
4093,130
4096,131
4099,132
4102,131
4105,131
4108,131
4111,131
4114,131
4118,131
4121,131
4124,131
4127,130
4130,130
4133,130
4136,130
4139,130
4142,130
4145,131
4148,131
4151,131
4154,131
4157,131
4160,131
4163,131
4166,131
4169,131
4172,131
4175,131
4178,131
4181,131
4184,131
4187,131
4191,131
4194,131
4196,131
4200,131
4203,131
4206,131
4209,131
4212,131
4215,130
4218,130
4221,130
4224,130
4227,130
4230,130
4233,130
4236,130
4239,131
4242,130
4246,130
4249,130
4252,130
4255,130
4258,130
4261,130
4264,130
4267,130
4270,130
4273,130
4276,131
4279,129
4282,129
4286,129
4289,129
4292,129
4295,129
4298,129
4301,128
4304,128
4307,128
4310,128
4313,128
4317,129
4320,128
4323,128
4326,127
4329,126
4333,126
4336,126
4339,126
4342,126
4345,125
4348,125
4351,124
4354,125
4357,124
4361,124
4364,124
4367,123
4370,123
4373,123
4376,123
4379,123
4383,123
4386,123
4389,123
4392,123
4396,123
4399,124
4402,122
4405,122
4408,122
4412,122
4415,121
4418,120
4422,120
4425,119
4428,118
4431,118
4435,118
4438,118
4441,120
4445,118
4448,120
4451,118
4454,118
4458,118
4461,117
4465,117
4468,116
4471,116
4474,115
4478,115
4481,115
4484,117
4487,117
4490,116
4494,116
4497,115
4500,115
4504,115
4507,115
4510,115
4514,116
4517,115
4520,114
4524,113
4527,113
4530,112
4534,111
4537,112
4540,111
4543,110
4546,110
4550,109
4553,110
4556,109
4559,109
4563,109
4566,109
4569,109
4573,109
4576,108
4579,108
4583,108
4586,107
4589,107
4593,108
4596,106
4599,106
4602,106
4606,106
4609,106
4612,106
4616,106
4619,106
4622,106
4626,106
4629,106
4632,107
4636,107
4639,106
4642,106
4645,106
4649,106
4652,106
4655,106
4659,106
4662,106
4665,105
4668,105
4671,106
4675,106
4678,105
4681,105
4684,105
4688,104
4691,104
4694,104
4698,104
4701,104
4704,104
4707,104
4710,104
4713,103
4717,103
4720,103
4723,103
4726,103
4730,104
4733,103
4736,103
4739,103
4743,102
4746,102
4749,102
4753,101
4756,100
4759,100
4763,100
4766,100
4769,100
4772,100
4775,99
4779,98
4782,98
4785,98
4788,98
4792,98
4795,98
4798,98
4801,98
4804,97
4807,97
4811,97
4814,97
4817,97
4820,98
4823,98
4827,98
4830,98
4833,98
4836,98
4840,98
4843,98
4846,98
4849,98
4853,98
4856,97
4859,97
4863,97
4866,97
4869,97
4872,97
4876,96
4879,96
4882,95
4886,95
4889,95
4892,95
4896,95
4899,95
4902,95
4905,95
4909,95
4912,94
4915,93
4919,93
4922,93
4926,93
4929,93
4932,93
4936,92
4939,92
4942,92
4946,91
4949,91
4953,91
4956,91
4959,91
4962,91
4965,91
4969,91
4972,91
4975,91
4978,90
4982,90
4985,90
4988,89
4992,89
4995,89
4999,88
5002,88
5005,88
5008,88
5012,88
5015,88
5019,87
5022,87
5025,87
5029,87
5032,87
5035,87
5039,87
5042,87
5045,87
5049,87
5052,87
5055,87
5059,87
5062,87
5065,87
5069,87
5072,87
5076,86
5079,86
5083,85
5086,85
5089,85
5093,84
5096,84
5099,84
5103,84
5106,84
5109,84
5113,84
5116,84
5119,84
5123,84
5126,84
5129,84
5133,84
5136,84
5139,83
5143,83
5146,83
5149,83
5153,82
5156,82
5159,82
5163,81
5166,81
5169,81
5172,81
5176,81
5179,81
5182,81
5186,81
5189,80
5192,80
5196,80
5199,80
5202,80
5205,79
5208,79
5211,78
5215,78
5218,78
5221,78
5224,78
5228,78
5231,78
5234,78
5237,78
5240,77
5244,77
5247,77
5250,77
5253,77
5256,77
5260,77
5263,77
5266,76
5269,76
5272,76
5275,76
5279,75
5282,75
5285,74
5288,74
5291,73
5295,73
5298,73
5301,73
5304,73
5307,73
5311,72
5314,72
5317,72
5320,72
5324,71
5327,71
5330,71
5333,71
5336,70
5339,70
5342,70
5345,69
5348,69
5352,68
5355,68
5359,68
5362,68
5365,68
5368,68
5371,67
5374,67
5378,67
5381,67
5384,67
5387,67
5390,67
5393,67
5396,66
5399,65
5402,65
5405,64
5408,64
5412,64
5415,64
5418,64
5422,64
5425,64
5428,64
5431,64
5434,64
5437,63
5441,63
5444,62
5447,62
5451,62
5454,61
5457,61
5460,60
5463,60
5467,60
5470,60
5473,60
5477,60
5480,60
5483,59
5487,59
5490,59
5493,59
5496,59
5499,58
5503,58
5506,58
5509,58
5513,58
5516,57
5519,56
5523,56
5526,56
5529,56
5533,56
5536,55
5539,55
5543,54
5546,53
5549,53
5553,53
5556,53
5560,53
5563,53
5566,53
5570,52
5573,52
5576,52
5580,51
5584,51
5587,51
5590,50
5594,49
5597,49
5600,49
5604,49
5607,49
5610,49
5614,49
5617,48
5620,48
5624,48
5627,48
5631,48
5634,48
5637,47
5641,47
5644,47
5647,47
5651,47
5654,47
5657,47
5661,47
5664,47
5667,46
5671,46
5674,46
5678,46
5681,46
5684,45
5688,45
5691,45
5694,45
5698,45
5701,45
5704,45
5708,45
5711,45
5715,44
5718,44
5722,44
5725,44
5729,44
5732,44
5736,43
5739,43
5743,43
5747,42
5750,42
5754,42
5758,42
5761,42
5765,41
5769,41
5772,41
5776,41
5780,43
5784,41
5787,41
5791,41
5795,41
5798,40
5802,41
5806,40
5810,40
5813,40
5817,42
5821,40
5825,40
5828,40
5832,39
5836,39
5840,39
5843,40
5847,40
5851,41
5855,40
5859,40
5862,43
5866,41
5870,41
5874,41
5878,43
5883,40
5888,40
5891,40
5895,41
5900,40
5905,42
5909,40
5912,40
5916,40
5919,41
5923,40
5927,39
5930,40
5934,39
5938,39
5941,39
5945,39
5949,38
5953,38
5957,39
5960,38
5964,37
5968,37
5973,37
5979,39
5983,39
5986,38
5990,38
5994,39
5997,38
6001,38
6005,38
6009,39
6012,39
6016,40
6020,39
6023,39
6027,40
6030,40
6034,39
6038,39
6041,40
6045,39
6049,39
6052,38
6057,38
6060,37
6064,36
6068,37
6072,37
6076,37
6080,37
6084,37
6088,37
6092,38
6095,38
6099,38
6103,39
6107,38
6111,39
6115,38
6119,37
6123,37
6127,37
6131,37
6135,37
6138,36
6142,36
6146,36
6151,37
6155,36
6158,36
6163,36
6166,35
6171,36
6174,37
6178,35
6182,36
6186,35
6190,36
6194,35
6198,35
6202,35
6206,35
6210,35
6214,35
6218,35
6223,37
6227,36
6231,35
6235,34
6239,34
6243,34
6247,34
6251,33
6256,34
6260,34
6264,34
6268,33
6272,33
6277,34
6280,34
6285,35
6289,34
6293,32
6297,32
6301,32
6306,31
6310,31
6314,32
6318,31
6322,31
6326,30
6330,31
6334,29
6338,30
6342,29
6346,29
6351,30
6355,30
6359,29
6363,29
6367,28
6371,28
6375,28
6379,29
6383,28
6388,28
6392,29
6396,29
6400,28
6404,28
6408,28
6413,29
6418,28
6422,27
6426,27
6430,26
6434,26
6438,26
6443,26
6447,27
6451,27
6455,27
6459,27
6464,27
6468,26
6472,26
6476,28
6481,27
6485,27
6489,26
6493,27
6497,27
6501,27
6505,28
6509,27
6514,28
6518,27
6522,28
6526,27
6530,27
6534,27
6538,27
6543,27
6547,27
6551,26
6555,26
6559,25
6564,25
6568,25
6573,26
6577,24
6581,24
6585,24
6590,25
6593,23
6598,22
6602,22
6606,21
6610,21
6614,21
6618,21
6623,20
6628,21
6632,21
6636,21
6640,22
6644,22
6648,22
6653,22
6657,23
6661,22
6665,22
6669,22
6673,22
6677,22
6681,22
6686,22
6690,22
6694,22
6698,22
6702,22
6706,22
6710,22
6714,21
6718,21
6723,20
6727,20
6731,19
6735,19
6739,18
6744,18
6748,17
6752,17
6756,17
6761,17
6765,17
6769,16
6773,16
6778,15
6782,16
6786,16
6790,15
6794,15
6798,15
6803,14
6807,13
6811,14
6815,13
6819,13
6824,12
6828,12
6832,12
6837,12
6841,13
6845,13
6850,13
6854,13
6858,14
6862,14
6867,14
6872,13
6877,13
6882,13
6888,13
6893,14
6898,12
6903,12
6908,13
6913,13
6918,13
6923,13
6928,12
6933,12
6938,11
6944,12
6949,11
6954,11
6959,11
6964,11
6970,11
6975,12
6980,11
6985,10
6990,10
6995,10
7000,10
7006,9
7011,9
7016,10
7021,9
7026,9
7031,8
7036,8
7041,8
7046,8
7051,8
7056,8
7062,9
7067,9
7072,8
7077,7
7083,7
7088,7
7093,5
7099,5
7104,6
7110,5
7115,6
7120,6
7126,7
7131,6
7137,6
7142,6
7148,6
7153,5
7161,4
7169,5
7178,4
7186,4
7194,4
7202,4
7210,4
7218,3
7226,4
7235,2
7243,2
7252,1
7260,1
7268,2
7276,3
7283,2
7292,2
7300,2
7308,2
7316,1
7324,1
7332,1
7340,2
7348,1
7356,0
7364,0
7371,0
7379,0
7387,0
7395,1
7403,0
7411,0
7419,0
7427,0
7435,1
7443,1
7451,1
7460,2
7468,1
7476,2
7485,1
7493,1
7502,0
7511,7
7519,1
7527,10
7536,7
7544,8
7552,10
7560,9
7571,236
7581,80
7589,80
7597,87
7605,82
7614,85
7622,82
7630,84
7639,82
7648,208
7658,149
7667,133
7676,147
7685,136
7693,137
7702,134
7711,135
7719,134
7728,140
7738,222
7748,183
7757,173
7767,185
7776,177
7785,180
7795,179
7804,179
7812,180
7821,184
7830,239
7839,211
7848,204
7857,204
7866,212
7878,208
7887,209
7895,209
7904,208
7913,208
7922,211
7930,213
7939,250
7948,227
7957,222
7966,226
7974,225
7983,226
7991,226
8000,225
8009,225
8017,225
8026,225
8034,254
8043,239
8052,237
8060,237
8068,238
8077,238
8086,239
8095,239
8103,240
8112,239
8121,240
8130,240
8138,259
8147,244
8155,244
8164,244
8173,244
8181,244
8190,244
8199,244
8208,244
8217,245
8225,246
8233,246
8242,261
8251,248
8260,247
8269,247
8278,247
8286,247
8296,247
8305,248
8313,249
8322,263
8331,253
8340,252
8349,252
8357,252
8365,252
8374,252
8383,252
8392,252
8400,251
8410,250
8419,251
8428,250
8437,250
8446,250
8454,250
8464,249
8473,251
8481,249
8490,249
8499,247
8507,246
8516,256
8525,247
8534,246
8542,245
8551,244
8561,245
8570,244
8579,246
8587,244
8596,243
8605,251
8614,245
8622,244
8631,242
8640,242
8648,241
8657,240
8666,240
8675,242
8683,239
8693,242
8702,246
8711,243
8719,241
8729,242
8737,240
8746,239
8755,239
8764,236
8773,238
8782,238
8791,239
8799,242
8808,239
8817,238
8826,238
8835,237
8844,239
8853,239
8862,240
8871,237
8881,240
8890,237
8899,240
8908,239
8917,240
8926,239
8936,243
8945,243
8954,243
8963,245
8972,243
8981,243
8990,244
8999,247
9008,250
9017,247
9026,248
9035,246
9044,246
9054,247
9063,249
9072,246
9082,246
9091,251
9100,252
9109,252
9118,252
9127,253
9136,252
9145,252
9154,253
9163,252
9172,254
9181,254
9190,254
9200,255
9209,258
9218,259
9227,259
9236,258
9246,260
9255,260
9264,260
9273,260
9283,260
9292,261
9301,261
9310,261
9319,260
9328,260
9337,260
9346,260
9355,261
9363,261
9372,261
9380,262
9389,262
9398,263
9408,263
9417,264
9426,263
9435,263
9444,263
9453,263
9462,263
9471,263
9480,263
9489,263
9498,263
9507,263
9516,264
9525,263
9535,263
9544,263
9553,263
9562,263
9571,263
9581,263
9590,263
9599,264
9608,263
9618,263
9627,263
9635,263
9644,263
9653,263
9662,263
9671,263
9681,263
9690,263
9699,263
9708,264
9717,264
9726,264
9736,264
9745,264
9754,264
9763,264
9772,264
9782,264
9792,264
9801,264
9810,264
9820,264
9829,264
9838,264
9847,264
9856,264
9865,264
9874,264
9883,264
9892,264
9901,264
9910,264
9919,264
9929,264
9938,264
9948,264
9957,264
9967,262
9976,262
9985,262
9995,261
10004,261
10013,260
10022,260
10032,260
10041,259
10050,258
10059,259
10069,258
10078,258
10088,257
10097,256
10106,256
10115,255
10124,255
10134,255
10143,253
10152,254
10161,254
10170,252
10180,252
10189,251
10199,251
10208,251
10218,249
10227,249
10237,247
10246,249
10255,247
10264,249
10273,247
10282,246
10291,244
10301,244
10311,243
10320,241
10329,240
10338,238
10349,240
10358,242
10367,239
10377,240
10385,239
10394,237
10404,244
10413,242
10422,243
10431,240
10440,241
10450,239
10459,243
10468,243
10477,243
10486,245
10495,242
10505,246
10514,243
10523,243
10532,241
10541,242
10550,239
10560,242
10570,241
10579,240
10588,239
10598,241
10607,241
10616,239
10625,237
10634,238
10643,236
10653,237
10662,237
10671,237
10680,238
10690,237
10699,236
10708,234
10717,235
10726,236
10735,235
10744,234
10753,238
10762,237
10771,240
10780,239
10789,240
10798,240
10807,242
10816,240
10826,247
10835,242
10845,244
10854,243
10863,244
10872,245
10882,244
10891,245
10900,244
10909,245
10919,244
10928,251
10937,248
10946,246
10956,248
10966,249
10975,249
10984,250
10994,249
11003,250
11012,248
11021,252
11031,251
11040,250
11049,252
11058,250
11067,250
11077,251
11086,254
11095,253
11104,253
11113,251
11122,251
11131,254
11141,251
11150,252
11159,252
11168,254
11177,253
11187,253
11196,255
11205,256
11215,256
11225,257
11234,256
11243,256
11253,258
11262,257
11271,257
11281,258
11290,259
11299,260
11308,261
11316,259
11325,260
11334,260
11343,260
11352,260
11360,261
11369,260
11378,260
11387,260
11396,260
11405,260
11414,260
11423,263
11432,261
11441,261
11450,261
11459,261
11469,261
11478,262
11487,261
11496,261
11505,261
11515,261
11524,262
11533,262
11543,261
11552,261
11561,262
11570,261
11580,261
11589,261
11598,261
11607,261
11617,261
11626,262
11636,262
11645,261
11654,261
11663,262
11673,262
11682,262
11691,262
11701,262
11710,262
11719,263
11728,262
11737,262
11746,262
11755,263
11764,262
11773,262
11782,262
11791,262
11800,262
11809,262
11818,262
11827,262
11836,263
11845,263
11855,263
11864,264
11873,263
11882,263
11892,263
11901,263
11910,263
11919,263
11929,263
11938,263
11947,264
11956,264
11966,264
11975,264
11985,264
11994,264
12003,264
12013,264
12022,264
12031,264
12040,264
12049,264
12058,264
12067,264
12076,264
12086,264
12095,264
12104,264
12114,264
12124,264
12134,264
12143,264
12152,264
12162,264
12171,264
12180,264
12189,264
12200,264
12209,264
12218,263
12227,263
12237,263
12246,263
12255,262
12265,262
12274,262
12283,262
12292,263
12302,262
12311,261
12321,262
12330,262
12340,261
12349,261
12358,261
12368,261
12377,260
12386,260
12396,260
12405,261
12414,259
12423,259
12433,259
12442,260
12451,259
12461,259
12471,259
12480,259
12489,259
12498,258
12507,258
12517,258
12527,258
12536,258
12546,260
12555,260
12565,259
12574,260
12584,260
12593,259
12602,259
12611,259
12620,259
12629,259
12638,259
12648,261
12657,260
12666,260
12675,260
12685,261
12694,261
12703,261
12712,261
12721,261
12731,260
12740,259
12749,261
12758,259
12767,259
12776,259
12785,259
12794,258
12804,258
12813,258
12822,259
12832,258
12841,258
12850,260
12859,260
12868,261
12878,260
12887,261
12896,260
12905,260
12915,260
12924,261
12933,260
12943,261
12952,259
12962,259
12972,259
12982,258
12992,258
13002,257
13012,259
13021,260
13031,260
13041,258
13050,258
13059,259
13069,259
13078,258
13087,259
13097,259
13106,260
13115,258
13125,260
13134,257
13143,257
13153,258
13162,257
13171,257
13181,256
13191,256
13200,256
13210,257
13220,257
13229,255
13238,256
13248,257
13257,257
13268,257
13277,256
13286,257
13295,259
13304,258
13313,260
13322,259
13331,259
13340,260
13349,260
13358,261
13368,261
13377,262
13386,261
13395,260
13405,261
13414,260
13424,260
13433,260
13443,260
13452,262
13462,261
13471,261
13481,259
13491,259
13501,258
13510,258
13520,260
13530,259
13539,258
13548,258
13558,258
13567,257
13576,257
13586,258
13595,257
13604,257
13613,257
13623,259
13633,259
13642,259
13651,260
13661,260
13670,260
13680,260
13689,261
13698,260
13708,260
13717,260
13727,262
13736,260
13746,261
13756,259
13765,260
13775,260
13785,260
13794,260
13803,259
13812,261
13822,260
13831,261
13840,260
13850,260
13859,260
13869,260
13878,261
13887,260
13897,260
13906,261
13916,260
13925,261
13934,260
13944,260
13954,260
13963,260
13972,261
13982,259
13991,259
14000,259
14009,260
14018,259
14028,258
14038,258
14048,258
14057,260
14067,260
14076,259
14085,261
14095,260
14104,260
14114,260
14123,260
14132,260
14142,259
14151,259
14161,258
14170,260
14180,261
14189,260
14199,260
14208,260
14218,260
14227,261
14237,261
14246,261
14255,260
14265,259
14274,259
14283,257
14293,257
14302,256
14311,256
14321,256
14330,257
14340,258
14349,258
14359,258
14368,259
14377,257
14387,258
14396,257
14406,257
14415,256
14425,256
14434,255
14443,256
14453,256
14462,255
14472,256
14481,254
14490,255
14499,254
14509,256
14518,254
14528,255
14537,255
14546,256
14556,257
14565,257
14574,258
14583,256
14593,257
14602,257
14611,257
14620,259
14630,258
14639,258
14648,259
14659,262
14668,260
14678,259
14689,260
14698,259
14707,259
14717,259
14726,260
14735,259
14745,260
14754,259
14763,259
14772,259
14782,260
14791,258
14801,258
14810,258
14819,259
14829,258
14839,258
14848,258
14857,258
14867,258
14876,257
14885,257
14895,256
14904,256
14913,256
14923,256
14932,256
14942,257
14951,258
14961,257
14970,256
14980,256
14990,258
14999,257
15008,257
15018,257
15027,259
15037,261
15047,260
15056,260
15066,259
15075,260
15085,259
15095,259
15104,261
15114,261
15124,260
15133,261
15142,260
15152,260
15161,260
15171,260
15180,259
15189,260
15199,259
15208,259
15217,257
15227,257
15236,256
15245,256
15255,255
15265,256
15275,257
15284,256
15293,258
15302,256
15311,257
15320,257
15329,257
15338,255
15348,255
15357,255
15367,255
15376,253
15386,252
15396,255
15405,253
15415,253
15424,255
15434,253
15443,253
15453,253
15462,252
15472,253
15481,252
15491,256
15501,254
15510,253
15520,255
15530,255
15539,255
15548,254
15558,255
15567,255
15577,255
15586,258
15596,255
15605,256
15615,256
15625,256
15635,259
15645,259
15655,257
15664,259
15674,256
15683,256
15693,255
15703,256
15712,255
15721,257
15731,255
15740,255
15750,254
15759,256
15769,255
15779,255
15789,253
15798,253
15808,252
15817,252
15827,252
15836,252
15846,252
15856,253
15865,252
15875,254
15884,254
15895,254
15904,252
15913,252
15924,251
15933,251
15942,252
15951,252
15961,250
15970,250
15979,250
15989,251
15999,251
16009,249
16019,249
16029,249
16038,249
16047,251
16057,249
16067,249
16077,250
16086,251
16096,248
16106,249
16116,248
16125,247
16135,246
16144,247
16153,248
16163,250
16173,249
16182,251
16192,249
16201,249
16211,253
16220,251
16230,252
16239,251
16249,252
16258,252
16268,253
16277,251
16287,255
16297,253
16306,253
16316,255
16325,252
16335,253
16344,253
16354,254
16363,254
16373,256
16382,254
16392,255
16402,254
16412,255
16422,255
16432,253
16441,254
16450,254
16460,256
16469,254
16479,254
16489,254
16498,256
16508,257
16519,256
16528,258
16538,257
16548,258
16557,257
16567,257
16577,257
16586,256
16596,257
16605,257
16615,258
16625,257
16635,258
16645,258
16654,259
16664,258
16674,258
16684,258
16694,257
16703,257
16713,257
16723,257
16732,259
16742,258
16751,258
16761,258
16771,258
16780,258
16789,257
16799,257
16809,257
16818,257
16828,257
16837,259
16847,259
16857,259
16866,259
16876,259
16886,259
16895,259
16905,259
16915,259
16924,259
16934,259
16944,259
16953,260
16963,259
16973,258
16983,258
16993,257
17003,257
17012,257
17022,257
17032,258
17042,257
17052,257
17061,257
17071,257
17080,258
17090,257
17100,257
17109,257
17119,257
17129,258
17139,257
17149,259
17159,257
17169,256
17178,256
17187,255
17196,255
17206,256
17216,255
17226,255
17235,255
17244,255
17253,256
17262,254
17271,253
17280,252
17289,251
17298,252
17307,251
17316,252
17326,252
17335,252
17345,252
17354,252
17363,254
17373,252
17383,252
17393,253
17402,254
17412,254
17421,255
17430,254
17440,254
17449,255
17459,254
17468,254
17477,254
17486,254
17495,254
17505,254
17514,254
17524,255
17534,256
17543,256
17552,255
17561,255
17571,256
17580,255
17590,255
17599,256
17609,255
17618,254
17628,254
17638,255
17648,254
17657,253
17666,253
17676,253
17686,253
17696,253
17705,253
17715,254
17724,253
17734,254
17743,253
17752,253
17762,254
17771,254
17780,253
17790,253
17800,253
17810,254
17820,253
17829,253
17839,251
17848,250
17858,251
17868,249
17878,249
17888,249
17898,250
17908,248
17918,248
17927,247
17937,247
17946,247
17956,247
17965,247
17975,247
17985,247
17995,248
18005,247
18015,247
18024,247
18034,247
18043,247
18053,248
18063,248
18072,249
18081,250
18091,249
18100,248
18110,249
18120,248
18130,250
18139,248
18149,248
18158,249
18168,249
18177,250
18187,251
18197,250
18206,250
18216,250
18225,250
18235,249
18246,248
18256,247
18265,247
18275,247
18284,247
18294,247
18303,246
18314,245
18324,244
18334,246
18344,244
18354,242
18363,243
18373,243
18382,243
18392,244
18402,244
18411,244
18421,244
18430,246
18440,245
18451,246
18461,246
18470,245
18481,247
18491,247
18500,247
18510,247
18519,246
18529,248
18538,246
18548,249
18557,248
18567,250
18576,249
18587,248
18596,248
18606,250
18617,249
18626,251
18636,250
18645,250
18655,251
18664,250
18674,251
18683,250
18693,250
18702,251
18712,250
18721,249
18731,251
18741,247
18751,247
18760,248
18770,248
18780,246
18790,249
18800,247
18809,248
18819,247
18829,248
18838,247
18848,246
18858,246
18868,246
18878,244
18887,244
18897,246
18907,244
18917,243
18927,243
18939,242
18949,245
18959,243
18969,244
18978,243
18988,241
18998,241
19008,242
19018,239
19027,239
19037,239
19047,237
19057,239
19066,240
19076,239
19086,239
19096,241
19106,242
19116,243
19125,243
19135,245
19145,241
19155,242
19165,244
19175,246
19184,246
19194,245
19204,246
19214,247
19224,246
19233,246
19242,247
19252,249
19261,247
19271,247
19280,246
19289,247
19299,248
19308,247
19318,249
19328,248
19338,248
19349,251
19359,250
19368,249
19378,249
19388,250
19398,250
19408,249
19417,249
19428,252
19437,249
19448,249
19458,252
19468,250
19477,249
19487,249
19497,249
19506,250
19516,250
19525,250
19535,249
19545,251
19554,251
19564,250
19575,249
19585,251
19595,250
19605,248
19615,248
19625,250
19635,248
19645,248
19654,248
19664,245
19675,248
19684,247
19694,245
19704,245
19714,245
19724,246
19733,244
19743,244
19753,244
19763,246
19773,244
19783,246
19793,244
19803,245
19813,245
19823,246
19832,248
19842,248
19853,248
19862,248
19872,250
19882,247
19892,248
19903,247
19912,247
19922,247
19932,247
19942,245
19951,246
19961,247
19971,245
19981,246
19991,244
20001,244
20011,244
20021,244
20031,245
20041,244
20051,242
20061,245
20071,244
20080,243
20090,247
20100,248
20109,248
20119,246
20130,248
20139,248
20149,245
20159,245
20169,247
20179,247
20189,246
20199,247
20209,247
20219,246
20229,247
20239,246
20250,249
20259,246
20270,247
20279,248
20290,246
20300,248
20310,248
20320,247
20331,250
20340,246
20350,249
20360,245
20371,245
20381,247
20391,246
20402,245
20412,250
20422,247
20432,249
20442,246
20452,246
20462,246
20472,248
20482,246
20492,247
20502,245
20513,245
20523,250
20533,247
20542,250
20552,245
20563,248
20573,246
20582,247
20592,248
20603,246
20613,246
20623,248
20633,248
20643,247
20653,249
20663,247
20672,247
20683,247
20692,248
20702,246
20712,245
20722,246
20732,245
20742,246
20752,247
20762,246
20772,248
20782,247
20792,247
20802,250
20813,249
20823,247
20834,247
20844,247
20855,247
20865,247
20875,250
20885,250
20895,250
20905,250
20915,250
20925,248
20936,252
20946,249
20955,249
20965,249
20975,248
20985,248
20996,249
21006,249
21016,249
21026,249
21036,250
21046,251
21056,249
21066,250
21076,249
21086,249
21095,250
21105,251
21115,252
21125,252
21136,255
21146,255
21156,253
21166,254
21176,254
21186,252
21196,252
21206,252
21216,252
21226,253
21237,256
21246,254
21256,254
21266,254
21275,254
21285,253
21296,253
21306,253
21316,257
21326,255
21337,254
21347,254
21357,254
21367,254
21377,254
21387,253
21398,253
21408,257
21418,252
21428,252
21439,253
21449,254
21459,253
21470,253
21480,256
21490,253
21500,253
21510,253
21520,253
21530,253
21540,254
21550,253
21560,253
21570,253
21580,255
21590,251
21600,250
21611,250
21622,248
21632,249
21641,249
21652,250
21662,253
21673,251
21683,251
21693,251
21703,251
21713,251
21724,251
21734,251
21744,251
21754,254
21764,252
21775,253
21785,253
21795,252
21805,252
21815,253
21825,253
21836,252
21845,252
21855,253
21864,253
21873,253
21883,253
21893,253
21903,253
21912,253
21922,253
21932,252
21941,253
21951,253
21961,253
21970,253
21980,254
21989,253
21999,253
22008,253
22017,252
22027,252
22036,252
22045,252
22055,251
22066,252
22076,252
22086,252
22096,252
22106,252
22116,252
22126,253
22136,253
22146,252
22157,251
22168,252
22178,251
22188,251
22197,251
22207,251
22218,252
22228,252
22238,252
22248,252
22258,252
22269,253
22279,253
22289,253
22300,253
22310,254
22321,254
22331,252
22341,251
22351,251
22361,251
22371,251
22382,251
22392,252
22402,253
22412,252
22422,253
22432,252
22442,252
22452,252
22462,252
22472,252
22482,252
22492,252
22502,252
22513,251
22523,251
22533,251
22544,251
22554,250
22564,250
22574,250
22585,250
22595,251
22605,251
22615,251
22625,251
22635,251
22645,252
22654,252
22665,253
22675,254
22684,253
22694,253
22704,253
22714,253
22724,253
22735,253
22745,254
22755,254
22765,253
22775,253
22785,252
22795,252
22805,251
22816,251
22826,251
22836,251
22846,253
22856,252
22867,253
22878,252
22888,252
22898,252
22908,252
22919,252
22928,252
22938,252
22948,252
22958,253
22968,252
22978,252
22989,251
22999,251
23009,252
23019,252
23029,253
23040,250
23050,251
23060,249
23070,250
23080,249
23090,249
23101,249
23111,249
23121,250
23131,250
23142,251
23152,249
23162,250
23172,250
23182,249
23192,249
23203,249
23213,248
23222,248
23232,248
23242,250
23252,249
23262,247
23272,248
23282,246
23292,246
23303,247
23313,246
23323,245
23333,247
23343,249
23353,247
23364,248
23374,248
23384,249
23394,250
23404,249
23415,248
23425,248
23435,250
23445,249
23455,249
23466,249
23477,253
23487,250
23497,248
23507,248
23517,249
23527,249
23537,248
23548,248
23558,252
23568,249
23578,249
23589,251
23599,250
23609,250
23620,249
23631,249
23641,249
23651,248
23661,247
23671,250
23681,249
23692,249
23702,249
23712,250
23722,248
23732,248
23742,248
23752,247
23762,247
23773,249
23782,247
23793,247
23804,249
23813,247
23824,250
23834,249
23845,250
23855,249
23865,248
23875,248
23885,248
23895,249
23905,249
23914,249
23924,249
23934,250
23944,249
23954,251
23964,248
23975,249
23985,249
23995,249
24005,248
24015,247
24024,246
24035,245
24045,245
24056,247
24066,246
24076,245
24086,244
24096,244
24106,244
24115,243
24125,243
24135,244
24145,244
24156,243
24167,246
24177,245
24187,245
24197,244
24208,246
24218,243
24228,244
24238,243
24248,243
24258,243
24269,243
24279,242
24289,242
24300,245
24310,246
24320,243
24330,245
24340,245
24350,244
24359,244
24370,245
24379,245
24390,244
24400,247
24410,248
24420,247
24430,248
24441,248
24451,247
24461,247
24471,246
24481,244
24491,244
24502,248
24511,245
24521,245
24531,246
24541,247
24552,246
24562,248
24572,249
24582,247
24592,249
24602,246
24612,246
24622,245
24632,244
24643,245
24653,246
24663,245
24673,245
24683,242
24694,245
24704,242
24714,242
24725,242
24736,245
24746,244
24756,243
24766,244
24776,244
24786,245
24796,245
24806,244
24817,243
24827,245
24837,245
24848,246
24858,244
24869,244
24879,246
24889,246
24900,246
24910,247
24920,247
24930,247
24941,248
24951,250
24961,249
24972,248
24982,248
24992,249
25002,249
25012,248
25023,248
25033,249
25043,249
25053,249
25064,252
25074,250
25084,250
25095,251
25105,249
25115,250
25125,250
25135,250
25145,250
25156,250
25166,250
25176,251
25186,250
25196,252
25206,251
25216,252
25225,252
25235,252
25245,252
25255,252
25265,252
25275,251
25285,251
25295,250
25306,251
25316,249
25326,248
25337,249
25347,248
25357,248
25368,249
25378,250
25388,249
25399,250
25410,251
25420,250
25430,250
25440,250
25451,248
25460,248
25470,248
25481,250
25491,249
25501,249
25511,247
25522,248
25532,249
25542,249
25553,247
25563,248
25574,247
25584,249
25594,247
25604,247
25615,247
25626,247
25637,249
25647,247
25657,248
25667,248
25677,248
25687,248
25698,249
25708,248
25718,247
25728,247
25738,247
25749,246
25759,247
25770,248
25781,245
25791,247
25801,246
25811,246
25821,246
25832,246
25842,248
25852,246
25863,248
25873,246
25883,245
25894,245
25904,247
25914,245
25925,245
25935,246
25945,246
25955,247
25965,245
25975,245
25986,243
25996,243
26007,245
26016,246
26027,246
26037,244
26047,244
26057,246
26067,245
26077,245
26088,243
26098,243
26108,243
26118,246
26129,245
26139,244
26150,245
26160,247
26170,246
26181,245
26191,244
26201,243
26211,244
26221,244
26232,244
26242,246
26253,245
26264,244
26274,248
26285,246
26295,245
26306,245
26317,246
26327,245
26338,245
26348,245
26359,245
26369,245
26380,244
26391,248
26402,246
26412,246
26423,247
26433,247
26444,247
26455,247
26465,246
26475,245
26486,244
26496,244
26506,244
26517,246
26528,245
26538,246
26548,247
26560,246
26570,249
26580,248
26591,251
26601,250
26611,250
26621,250
26631,251
26641,251
26652,251
26662,252
26672,252
26683,253
26694,253
26705,252
26716,252
26727,252
26738,252
26748,253
26758,252
26769,251
26780,251
26791,252
26802,251
26812,251
26823,252
26833,250
26844,250
26855,250
26865,249
26876,250
26887,248
26897,249
26907,249
26917,249
26928,248
26938,247
26949,247
26960,248
26971,247
26982,248
26992,247
27002,246
27013,248
27024,247
27034,246
27045,245
27056,246
27066,246
27077,245
27087,247
27098,245
27108,246
27119,248
27129,246
27139,247
27150,248
27160,249
27171,250
27181,249
27191,249
27201,249
27211,249
27221,248
27231,248
27241,248
27252,251
27263,248
27274,248
27285,249
27296,247
27307,248
27317,246
27328,246
27340,246
27351,247
27362,248
27373,247
27384,247
27395,247
27406,248
27417,248
27428,248
27438,247
27449,250
27460,248
27470,248
27481,248
27491,247
27503,247
27513,247
27524,247
27535,247
27546,247
27558,245
27569,245
27581,246
27592,246
27603,246
27614,245
27624,247
27634,245
27645,244
27656,244
27667,244
27677,243
27689,244
27700,244
27711,243
27722,245
27734,247
27745,245
27756,245
27767,246
27779,248
27789,246
27800,248
27811,247
27822,247
27833,248
27845,247
27857,248
27868,247
27879,247
27889,248
27900,248
27911,249
27922,249
27934,248
27945,248
27957,248
27968,247
27979,247
27990,247
28002,245
28013,245
28024,245
28035,245
28046,245
28058,246
28070,246
28081,247
28092,247
28104,250
28115,249
28127,251
28138,249
28149,249
28160,250
28172,250
28183,248
28195,249
28207,247
28219,248
28230,247
28241,247
28253,247
28265,246
28277,248
28288,248
28299,248
28311,248
28322,248
28333,248
28344,249
28355,248
28366,247
28378,246
28390,247
28402,248
28415,248
28427,248
28438,250
28449,248
28460,247
28471,247
28482,246
28493,245
28504,244
28515,244
28527,245
28538,244
28549,246
28560,246
28571,244
28582,244
28592,245
28604,244
28616,244
28627,245
28639,248
28649,248
